id	x	y	class
1	-540378.94	-1105517.38	0
1	-540364.63	-1105520.88	0
1	-540349.38	-1105525.13	1
1	-540340.38	-1105531.88	1
1	-540336.06	-1105541.88	1
1	-540334.63	-1105554.25	1
1	-540334.19	-1105567.13	1
1	-540336.06	-1105581.88	1
1	-540339.38	-1105595.63	1
1	-540345.63	-1105610.38	0
1	-540352.25	-1105626.63	1
1	-540355.13	-1105638	1
1	-540355.63	-1105650.88	1
1	-540354.19	-1105667.63	1
1	-540351.31	-1105687.63	1
1	-540345.63	-1105711.38	1
1	-540338	-1105732.38	1
1	-540327.5	-1105752.38	0
1	-540302.75	-1105795.75	0
1	-540281.31	-1105835.75	0
1	-540265.56	-1105864.25	1
1	-540258.44	-1105879	1
1	-540249.88	-1105903.75	1
1	-540239.38	-1105942.38	0
1	-540227	-1105986.25	0
1	-540220.31	-1106008.63	0
1	-540213.69	-1106029.5	1
1	-540180.31	-1106100.5	0
1	-540147.94	-1106165.25	0
1	-540131.75	-1106201.88	1
1	-540123.69	-1106234.75	1
1	-540115.56	-1106279.63	1
1	-540112.25	-1106304.75	1
1	-540112.25	-1106333.38	1
1	-540114.13	-1106361.5	0
1	-540119.38	-1106413.88	1
1	-540119.38	-1106430.5	1
1	-540115.06	-1106442	1
1	-540107	-1106448.63	1
1	-540097	-1106453.88	1
1	-540068.44	-1106459.63	0
1	-540044.63	-1106461.5	1
1	-540032.25	-1106459.63	1
1	-540022.25	-1106454.38	1
1	-540015.06	-1106445.75	1
1	-540005.06	-1106418.13	0
1	-539998.44	-1106394.88	1
1	-539991.25	-1106376.75	1
1	-539983.19	-1106358.63	1
1	-539973.63	-1106341	0
1	-539960.31	-1106318.13	0
1	-539937	-1106277.13	0
1	-539919.81	-1106245.75	0
1	-539906.5	-1106220	0
1	-539895.56	-1106196.25	1
1	-539888.38	-1106177.63	1
1	-539884.13	-1106160	1
1	-539880.31	-1106141	0
1	-539876.5	-1106128.63	1
1	-539869.81	-1106118.63	1
1	-539860.75	-1106113.88	1
1	-539849.31	-1106112.38	1
1	-539837.44	-1106114.75	1
1	-539811.69	-1106129.5	0
1	-539790.75	-1106144.25	0
1	-539769.19	-1106159	0
1	-539747.88	-1106172.88	1
1	-539726	-1106185.25	1
1	-539707.44	-1106193.38	1
1	-539686.44	-1106201	1
1	-539665.5	-1106207.63	1
1	-539643.63	-1106212.88	1
1	-539616.94	-1106216.25	1
1	-539596	-1106216.75	1
1	-539571.19	-1106213.38	1
1	-539540.25	-1106207.13	0
1	-539513.13	-1106201.88	1
1	-539490.56	-1106195.75	1
1	-539472.63	-1106188.13	1
1	-539455.5	-1106175.75	1
1	-539414.06	-1106130.5	0
1	-539393.06	-1106106.63	0
1	-539385	-1106099.13	1
1	-539375.94	-1106092.38	1
1	-539367.88	-1106089.13	1
1	-539358.94	-1106088.38	1
1	-539349.75	-1106091	1
1	-539342.13	-1106097.13	1
1	-539336.44	-1106107.63	0
1	-539326.44	-1106130.5	0
1	-539315.94	-1106152.38	0
1	-539306.44	-1106169.5	1
1	-539295.44	-1106185.75	1
1	-539285	-1106196.75	1
1	-539270.25	-1106205.25	1
1	-539255.94	-1106210.5	1
1	-539243.56	-1106211.88	1
1	-539231.63	-1106209.13	1
1	-539210.69	-1106195.75	0
1	-539194	-1106183.88	0
1	-539181.63	-1106176.25	0
1	-539167.81	-1106169.13	0
1	-539150.69	-1106161.88	0
1	-539134.5	-1106156.25	0
1	-539117.31	-1106150.5	1
1	-539099.25	-1106145.25	1
1	-539080.69	-1106143.38	1
1	-539061.13	-1106143.88	1
1	-539008.75	-1106150	0
1	-538960.75	-1106154.25	1
1	-538947.81	-1106153.88	1
1	-538934.94	-1106149.13	1
1	-538913.06	-1106137.13	0
1	-538867.31	-1106109.5	0
1	-538826.81	-1106086.25	0
1	-538796.81	-1106068.13	1
1	-538779.19	-1106060	1
1	-538759.69	-1106054.75	1
1	-538742.06	-1106052.88	1
1	-538724.94	-1106055.75	1
1	-538709.69	-1106061	1
1	-538695.38	-1106068.63	1
1	-538685.38	-1106077.63	1
1	-538680.13	-1106091.88	1
1	-538680.06	-1106108.63	1
1	-538683.5	-1106145.25	0
1	-538688.25	-1106191.5	0
1	-538690.13	-1106224.38	1
1	-538686.81	-1106237.63	1
1	-538680.13	-1106249.5	1
1	-538670.63	-1106261.5	1
1	-538641.06	-1106290	0
1	-538627.25	-1106305.25	0
1	-538602.5	-1106335.75	0
1	-538577.75	-1106364.75	0
1	-538552.5	-1106389.63	1
1	-538529.63	-1106406.25	1
1	-538507.25	-1106420.5	1
1	-538487.75	-1106431	1
1	-538464.88	-1106439.13	1
1	-538392.94	-1106453.38	0
1	-538330.56	-1106463.38	0
1	-538244.38	-1106472.5	0
1	-538183.44	-1106477.25	0
1	-538121	-1106481.5	0
1	-538062	-1106485.25	0
1	-538024.38	-1106486.75	1
1	-537995.31	-1106481.5	0
1	-537957.19	-1106473.88	0
1	-537901.5	-1106462	1
1	-537858.13	-1106447.63	1
1	-537804.81	-1106424.88	0
1	-537760	-1106406.25	1
1	-537737.63	-1106399.13	1
1	-537711.94	-1106396.75	1
1	-537640.5	-1106398.63	0
1	-537580.94	-1106401	0
1	-537533.31	-1106403.38	0
1	-537498.56	-1106405.75	0
1	-537462.88	-1106410	1
1	-537443.31	-1106409.13	1
1	-537428.56	-1106403.88	1
1	-537415.69	-1106394.88	1
1	-537393.81	-1106372	0
1	-537378.56	-1106356.75	1
1	-537362.38	-1106344.75	1
1	-537342.38	-1106334.38	1
1	-537319	-1106326.25	1
1	-537298.06	-1106323.88	1
1	-537277.56	-1106324.75	1
1	-537259.94	-1106329.63	1
1	-537247.56	-1106339.63	1
1	-537241.06	-1106352.13	1
1	-537238.06	-1106372.38	1
1	-537231.88	-1106398.13	1
1	-537222.81	-1106421	1
1	-537204.25	-1106452.88	1
1	-537185.56	-1106477.63	1
1	-537166.63	-1106501	1
1	-537144.69	-1106521.5	1
1	-537119.94	-1106541	1
1	-537096.81	-1106556.5	1
1	-537079	-1106566.25	1
1	-537067.56	-1106576.75	1
1	-537059	-1106592.88	1
1	-537054.25	-1106613.88	1
1	-537045.19	-1106645.75	1
1	-537035.63	-1106666.25	1
1	-537024.06	-1106676.25	1
1	-537010	-1106680.88	1
1	-536995.19	-1106683	1
1	-536977.06	-1106680.63	1
1	-536924.69	-1106668.63	0
1	-536890.88	-1106660.63	1
1	-536868.94	-1106660.13	1
1	-536853.25	-1106663.38	1
1	-536834.69	-1106672.5	1
1	-536817.5	-1106683.88	0
1	-536798.5	-1106696.75	1
1	-536776.56	-1106706.38	1
1	-536757.69	-1106710.25	1
1	-536736.56	-1106712.5	1
1	-536715.63	-1106713	1
1	-536695.13	-1106711.5	1
1	-536676.06	-1106706.75	1
1	-536659.88	-1106698.63	1
1	-536647.5	-1106687.75	1
1	-536629.44	-1106659.13	0
1	-536615.13	-1106635.38	0
1	-536599.31	-1106607.63	0
2	-552388.75	-1107250.63	1
2	-552385.31	-1107267.38	1
2	-552385.81	-1107279.75	1
2	-552388.69	-1107291.13	1
2	-552397.25	-1107306.38	1
2	-552424.88	-1107339.75	0
2	-552475.81	-1107400.25	0
2	-552496.31	-1107423.5	0
2	-552511.06	-1107442.63	0
2	-552522.5	-1107462.13	1
2	-552527.75	-1107475.5	1
2	-552530.13	-1107491.63	1
2	-552528.19	-1107509.75	1
2	-552523.44	-1107527.88	1
2	-552498.69	-1107587.88	0
2	-552431.56	-1107736	0
2	-552397.25	-1107803.63	1
2	-552368.25	-1107851.5	1
2	-552321.5	-1107914.5	0
2	-552249.13	-1108008.38	0
2	-552202	-1108070.25	0
2	-552152.44	-1108132.25	0
2	-552074.38	-1108231.25	0
2	-551985.75	-1108339.88	0
2	-551932.44	-1108404.63	0
2	-551896.69	-1108448.38	0
2	-551851	-1108493.63	0
2	-551792.38	-1108549.38	0
2	-551733.81	-1108603.63	0
2	-551703.81	-1108631.75	0
2	-551687.13	-1108648	1
2	-551669.56	-1108672.75	1
2	-551612.38	-1108769.88	0
2	-551590	-1108806.13	0
2	-551547.13	-1108869.38	0
2	-551457.13	-1108997.13	0
2	-551374.25	-1109112.38	0
2	-551301.38	-1109213.25	0
2	-551229.5	-1109314.25	0
2	-551197.56	-1109354.75	0
2	-551173.75	-1109384.25	0
2	-551141.38	-1109422.88	0
2	-551108.06	-1109459	0
2	-551075.19	-1109493.75	0
2	-551044.69	-1109526.63	0
2	-551017.06	-1109561	0
2	-550944.19	-1109654.75	0
2	-550860.88	-1109759.5	0
2	-550836	-1109785.13	0
2	-550808.5	-1109813.88	1
2	-550781.31	-1109837.63	1
2	-550750.38	-1109861	1
2	-550719.88	-1109881.5	1
2	-550661.81	-1109926.25	1
2	-550635.56	-1109952.38	1
2	-550616.56	-1109980	1
2	-550588.94	-1110028.13	0
2	-550569.38	-1110061	1
2	-550544.13	-1110095.75	0
2	-550490.94	-1110163	1
2	-550469.88	-1110218.63	0
2	-550364.63	-1110465.88	0
2	-550329.81	-1110545.13	0
2	-550292.94	-1110636	0
2	-550255.13	-1110724.25	0
2	-550218.88	-1110812	0
2	-550146.56	-1110982.5	0
2	-550045.04	-1111233.17	0
2	-549998.88	-1111339.25	0
2	-549970.69	-1111408	0
2	-549938.06	-1111488.13	0
2	-549909.85	-1111561.87	0
2	-549899.24	-1111586.26	0
2	-549889.17	-1111610.12	0
2	-549878.04	-1111638.75	0
2	-549865.84	-1111668.44	0
2	-549856.83	-1111691.76	0
2	-549843.04	-1111720.92	0
2	-549829.79	-1111751.14	0
2	-549818.13	-1111778.71	0
2	-549809.11	-1111803.1	0
2	-549795.33	-1111832.26	0
2	-549705.73	-1112050.69	0
2	-549651.94	-1112175.25	0
2	-549507.88	-1112519.5	0
2	-549466.25	-1112619.88	0
2	-549428.56	-1112713	0
2	-549406.81	-1112763	0
2	-549341	-1112919.38	0
2	-549288.81	-1113041.25	0
2	-549239.19	-1113159.88	0
2	-549220.81	-1113200.13	0
2	-549186.31	-1113285.63	0
2	-549130.69	-1113421.75	0
2	-549060.5	-1113592	0
2	-549041.13	-1113636.75	1
2	-549035.5	-1113645	1
2	-549010.81	-1113670.5	0
2	-548817.13	-1113859.13	0
2	-548784	-1113893.75	0
2	-548710.56	-1113972.5	0
2	-548642.06	-1114056.13	0
2	-548560.19	-1114164.38	0
2	-548539.44	-1114193	0
2	-548503.31	-1114247.38	0
2	-548443.75	-1114333.5	0
2	-548393.88	-1114392.63	0
2	-548366.94	-1114427.75	0
2	-548337.06	-1114461.13	0
2	-548305.94	-1114489.38	0
2	-548253.25	-1114533.63	0
2	-548197.63	-1114580.75	0
2	-548149	-1114621.25	0
48	-634692.2809	-1197346.795	0
48	-634692.253	-1197346.876	0
48	-634690.829	-1197351.579	1
48	-634690.361	-1197353.125	1
48	-634688.7735	-1197358.946	1
48	-634687.3977	-1197365.402	1
48	-634685.916	-1197372.81	1
48	-634681.3652	-1197402.973	0
48	-634681.002	-1197405.633	0
48	-634676.5394	-1197438.327	0
48	-634671.6285	-1197474.304	0
48	-634663.1618	-1197537.169	0
48	-634654.6951	-1197598.447	0
48	-634652.896	-1197611.253	0
48	-634651.3085	-1197621.836	0
48	-634649.4035	-1197633.161	0
48	-634647.2868	-1197645.12	0
48	-634644.4293	-1197660.571	0
48	-634635.8568	-1197707.244	0
48	-634632.3643	-1197726.506	0
48	-634627.9956	-1197748.174	0
48	-634627.943	-1197748.421	0
48	-634616.1717	-1197803.658	0
48	-634601.1434	-1197877.424	0
48	-634595.6667	-1197904.092	0
48	-634584.9508	-1197956.27	0
48	-634581.2211	-1197974.619	0
48	-634570.4516	-1198027.602	0
48	-634555.1058	-1198102.321	0
48	-634552.8953	-1198113.52	0
48	-634550.4491	-1198124.757	1
48	-634548.3324	-1198133.542	1
48	-634545.4749	-1198144.972	1
48	-634541.9824	-1198157.566	0
48	-634531.8224	-1198192.597	0
48	-634526.4249	-1198209.742	0
48	-634521.874	-1198223.606	0
48	-634515.3124	-1198242.444	1
48	-634510.8673	-1198254.192	1
48	-634505.999	-1198266.045	1
48	-634500.919	-1198277.158	1
48	-634494.0398	-1198289.752	0
48	-634489.1195	-1198298.323	0
48	-634487.4781	-1198301.182	0
48	-634482.9273	-1198309.014	0
48	-634473.1906	-1198324.994	0
48	-634466.7348	-1198335.049	0
48	-634460.5964	-1198344.15	0
48	-634454.1406	-1198353.146	0
48	-634425.8693	-1198391.838	0
48	-634425.2794	-1198392.646	0
48	-634423.1313	-1198395.585	0
48	-634419.479	-1198400.79	0
48	-634417.6475	-1198403.399	1
48	-634413.183	-1198410.508	1
48	-634412.5581	-1198411.779	1
48	-634409.82	-1198417.347	1
48	-634406.9388	-1198424.055	1
48	-634404.8145	-1198430.366	1
48	-634403.9	-1198434.064	1
48	-634403.2346	-1198437.178	1
48	-634402.7055	-1198440.353	1
48	-634402.1763	-1198443.528	1
48	-634401.753	-1198447.55	1
48	-634401.3296	-1198452.735	1
48	-634401.0121	-1198457.71	1
48	-634401.0768	-1198460.876	0
48	-634401.118	-1198462.895	0
48	-634401.6182	-1198499.195	0
48	-634402.6039	-1198550.853	0
48	-634403.1288	-1198578.36	0
48	-634404.293	-1198655.195	0
48	-634404.6166	-1198675.823	0
57	-587873.673	-1195940.5	0
57	-587863.5061	-1195962.188	0
57	-587852.0683	-1195986.588	0
57	-587839.6839	-1196013.007	0
57	-587813.5133	-1196068.821	0
57	-587811.7703	-1196072.538	0
57	-587766.5264	-1196169.508	0
57	-587728.0295	-1196252.19	0
57	-587722.0118	-1196265.119	0
57	-587683.4471	-1196347.97	0
57	-587635.0282	-1196451.819	0
57	-587619.1532	-1196485.818	0
57	-587571.5281	-1196587.947	0
57	-587531.9728	-1196673.805	0
57	-587502.8445	-1196737.754	0
57	-587497.8801	-1196748.653	0
57	-587493.3293	-1196758.644	0
57	-587491.3592	-1196762.969	0
57	-587486.3705	-1196774.118	0
57	-587482.294	-1196783.228	0
57	-587477.4022	-1196794.16	0
57	-587445.7185	-1196864.967	0
57	-587417.6726	-1196927.805	0
57	-587391.8757	-1196986.807	0
57	-587357.7443	-1197066.447	0
57	-587317.7922	-1197160.904	0
57	-587279.8873	-1197251.815	0
57	-587269.5585	-1197276.211	1
57	-587261.3872	-1197295.511	1
57	-587261.3035	-1197295.709	1
57	-587249.1327	-1197323.226	1
57	-587236.0358	-1197351.801	1
57	-587219.1024	-1197387.784	1
57	-587203.0951	-1197420.593	1
57	-587184.045	-1197458.296	1
57	-587170.9481	-1197483.431	1
57	-587161.9523	-1197500.365	1
57	-587137.6211	-1197544.688	1
57	-587123.5876	-1197569.553	1
57	-587102.8178	-1197605.537	1
57	-587072.1261	-1197657.131	1
57	-587056.0486	-1197683.257	1
57	-587055.1927	-1197684.647	0
57	-587007.303	-1197763.229	0
57	-586946.4487	-1197862.977	0
57	-586887.3142	-1197959.947	0
57	-586824.3433	-1198063.267	0
57	-586786.6401	-1198125.047	0
57	-586730.5483	-1198217.255	0
57	-586673.7951	-1198310.388	0
57	-586612.6762	-1198410.93	0
57	-586555.5261	-1198504.725	0
57	-586553.3564	-1198508.284	0
57	-586515.4416	-1198570.474	0
57	-586466.0606	-1198651.439	0
57	-586463.3186	-1198655.935	0
57	-586447.3113	-1198682.922	0
57	-586441.8838	-1198691.635	0
57	-586432.23	-1198707.132	0
57	-586410.2159	-1198743.63	0
57	-586405.5766	-1198751.321	0
57	-586400.4219	-1198759.868	0
57	-586398.36	-1198763.286	0
184	-556818.5854	-1184305.034	0
184	-556826.375	-1184318.125	0
184	-556838.3125	-1184339.25	0
184	-556846.1552	-1184352.487	0
184	-556850.7331	-1184360.214	0
184	-556851.7504	-1184361.931	0
184	-556852.259	-1184362.79	1
184	-556852.8697	-1184363.821	1
184	-556855.8463	-1184369.774	1
184	-556856.9581	-1184372.692	1
184	-556858.4922	-1184376.719	1
184	-556861.7995	-1184387.302	0
184	-556867.2196	-1184408.276	1
184	-556872.5797	-1184424.4	1
184	-556878.9375	-1184439.75	1
184	-556889.25	-1184459.75	1
184	-556902.875	-1184482.125	1
184	-556917.6875	-1184502.875	0
184	-556933.125	-1184523.125	0
184	-556948.75	-1184541	0
184	-556962.125	-1184556.625	1
184	-556970.6875	-1184567.75	1
184	-556976.5625	-1184576.125	1
184	-556983.0625	-1184586.875	1
184	-556988.9375	-1184598.375	1
184	-556994.1875	-1184611.75	1
184	-556997.7294	-1184625.428	1
184	-557001.5815	-1184641.444	0
184	-557002.2815	-1184644.355	0
184	-557004.0133	-1184651.556	0
184	-557009.625	-1184673.75	0
184	-557023.1956	-1184715.717	0
184	-557036.625	-1184757.375	1
184	-557047	-1184785.375	1
184	-557057.9375	-1184809.125	1
184	-557066.875	-1184825.125	1
184	-557078.4375	-1184843.625	1
184	-557089.1875	-1184859	1
184	-557099.125	-1184870.75	1
184	-557106.8703	-1184878.105	1
184	-557116.1307	-1184886.043	1
184	-557122.7453	-1184890.673	1
184	-557129.6906	-1184894.642	1
184	-557139.9432	-1184899.603	1
184	-557152.1802	-1184905.556	1
184	-557170.3704	-1184913.824	1
184	-557197.1875	-1184924	1
184	-557231.5554	-1184934.33	0
184	-557244.2554	-1184937.968	0
184	-557256.9554	-1184942.201	0
184	-557268.068	-1184946.699	0
184	-557283.2246	-1184953.224	0
184	-557293.4226	-1184957.243	0
242	-574498.9867	-1180695.161	0
242	-574500.4051	-1180702.316	1
242	-574500.4051	-1180707.343	1
242	-574499.0822	-1180713.958	1
242	-574496.2419	-1180723.42	0
242	-574490.4945	-1180742.567	0
242	-574480.75	-1180774.5	0
242	-574473.1529	-1180803.387	0
242	-574471.5284	-1180809.769	0
242	-574469.4488	-1180817.939	1
242	-574468.1146	-1180824.344	1
242	-574466.8029	-1180830.639	1
242	-574464.1186	-1180847.957	0
242	-574463.9375	-1180849.125	0
242	-574461.2467	-1180864.68	0
242	-574460.0557	-1180871.565	0
242	-574459.375	-1180875.5	0
242	-574455	-1180905	0
242	-574453.5	-1180917	1
242	-574452.689	-1180928.955	0
242	-574451.8125	-1180941.875	0
242	-574451.4593	-1180947.88	0
242	-574450.3125	-1180967.375	0
242	-574449.7811	-1180979.775	0
242	-574449.1875	-1180993.625	0
242	-574447.6632	-1181022.643	0
242	-574447.5	-1181025.75	0
242	-574446.0086	-1181052.541	0
242	-574444.0625	-1181087.5	0
242	-574442.375	-1181121.125	0
242	-574441.916	-1181130.288	0
242	-574439.7188	-1181174.152	0
242	-574438.9375	-1181189.75	0
242	-574438.2638	-1181206.059	0
242	-574436.9455	-1181237.972	0
242	-574435.9375	-1181262.375	0
242	-574435.912	-1181263.903	0
242	-574435.5625	-1181284.875	1
242	-574436.3125	-1181297.375	1
242	-574437.4375	-1181306.75	1
242	-574439.6875	-1181316.125	1
242	-574442.8894	-1181323.789	1
242	-574443.5	-1181325.25	1
242	-574449	-1181335.375	1
242	-574455.1875	-1181343.75	1
242	-574464.6875	-1181351.375	1
242	-574472.8125	-1181356.375	1
242	-574483.75	-1181360.625	1
242	-574496.25	-1181363	1
242	-574500.3951	-1181363.395	1
242	-574513.3125	-1181364.625	0
242	-574525.1938	-1181366.175	0
242	-574527.174	-1181366.433	0
242	-574530.5625	-1181366.875	1
242	-574533.0774	-1181367.422	0
242	-574535.0287	-1181367.847	0
242	-574545.5	-1181370.125	0
242	-574560.0795	-1181374.578	0
242	-574562.6875	-1181375.375	1
242	-574571.1979	-1181379.012	1
242	-574577.3125	-1181381.625	1
242	-574587.125	-1181387.5	1
242	-574594.75	-1181393.75	1
242	-574599.75	-1181400.25	1
242	-574603.4375	-1181406.5	1
242	-574605.4375	-1181413.625	1
242	-574605.4419	-1181413.745	1
242	-574605.7354	-1181421.727	1
242	-574605.75	-1181422.125	1
242	-574604.75	-1181432.75	1
242	-574604.5682	-1181433.644	0
242	-574602.5625	-1181443.5	0
242	-574597.8546	-1181466.922	0
242	-574597.5625	-1181468.375	0
242	-574596.2244	-1181474.742	0
242	-574594.1707	-1181484.513	0
242	-574591.625	-1181496.625	0
242	-574576.9375	-1181567.625	0
242	-574570.3537	-1181596.839	0
242	-574561.5	-1181636.125	0
242	-574547.5	-1181701	0
242	-574543.6748	-1181718.765	0
242	-574532.75	-1181769.5	0
242	-574519.0625	-1181834.25	0
242	-574517.8535	-1181839.855	0
242	-574509.625	-1181878	0
242	-574503.25	-1181908.5	0
242	-574496.5094	-1181939.439	0
242	-574495.8717	-1181942.365	0
242	-574489.1031	-1181973.433	0
242	-574474.1875	-1182040.875	0
242	-574459.9989	-1182106.783	0
242	-574453.3107	-1182137.475	0
242	-574448.375	-1182160.125	0
242	-574435.4375	-1182214	1
242	-574434.2148	-1182221.179	1
242	-574431.5625	-1182236.75	1
242	-574429.25	-1182256	1
242	-574427.9375	-1182271.875	1
242	-574427.853	-1182277.675	1
242	-574427.75	-1182284.75	1
242	-574428.0625	-1182296.5	1
242	-574429.9375	-1182310.125	1
242	-574431.75	-1182321.125	1
242	-574432.4997	-1182324.234	1
242	-574434.3125	-1182331.75	1
242	-574438.8321	-1182340.94	1
356	-740267.7224	-1172234.451	0
356	-740280.0425	-1172275.978	0
356	-740289.0022	-1172306.343	0
356	-740302.4106	-1172351.785	0
356	-740320.2593	-1172412.768	0
356	-740328.5937	-1172440.02	0
356	-740337.1504	-1172466.43	1
356	-740341.569	-1172479.209	1
356	-740349.1442	-1172498.812	1
356	-740368.6781	-1172541.488	1
356	-740389.5803	-1172586.071	1
356	-740399.7667	-1172606.311	1
356	-740404.2647	-1172615.043	1
356	-740410.1227	-1172624.809	1
356	-740417.8434	-1172635.715	1
356	-740429.9293	-1172652.084	1
356	-740443.1585	-1172668.753	1
356	-740463.9283	-1172694.021	0
356	-740482.0523	-1172714.526	0
356	-740497.6628	-1172731.724	0
356	-740510.892	-1172745.482	0
356	-740520.1524	-1172754.743	0
356	-740533.5139	-1172767.575	0
356	-740554.5483	-1172787.551	0
356	-740607.8619	-1172835.97	0
356	-740665.5766	-1172888.449	0
356	-740679.5642	-1172900.661	0
356	-740692.3965	-1172911.641	1
356	-740700.7396	-1172918.244	1
356	-740707.025	-1172922.975	1
356	-740719.6064	-1172932.388	0
356	-740763.4373	-1172963.499	0
356	-740788.705	-1172981.094	0
356	-740801.6068	-1172990.04	0
356	-740808.5488	-1172994.853	0
356	-740816.4078	-1173000.273	0
641	-545520.3663	-1154302.933	0
641	-545512.9286	-1154304.099	0
641	-545488.6398	-1154307.195	0
641	-545487.7266	-1154307.29	0
641	-545471.8917	-1154308.941	1
641	-545448.1585	-1154310.449	1
641	-545434.4266	-1154310.926	0
641	-545403.0734	-1154311.481	0
641	-545353.8415	-1154311.515	0
641	-545283.6138	-1154311.481	0
641	-545263.6906	-1154311.005	1
641	-545248.6875	-1154309.875	1
641	-545236.9412	-1154307.989	1
641	-545223.0144	-1154304.436	1
641	-545201.4244	-1154296.658	1
641	-545175.743	-1154284.732	0
641	-545152.4067	-1154273.619	0
641	-545130	-1154263.25	0
641	-545116.25	-1154257.75	0
641	-545110.6004	-1154255.486	0
641	-545107.3216	-1154254.172	1
641	-545098.3329	-1154251.481	1
641	-545094.3709	-1154250.642	1
641	-545091.9228	-1154250.124	1
641	-545090.4483	-1154249.914	1
641	-545084.8223	-1154249.112	1
641	-545077.9528	-1154248.696	0
641	-545068.6201	-1154248.28	0
641	-545010.4045	-1154246.711	0
641	-544985.5601	-1154246.076	0
641	-544960.9345	-1154244.84	0
641	-544921.8218	-1154242.266	0
641	-544905.086	-1154241.238	0
641	-544898.5649	-1154240.837	0
641	-544875.4739	-1154240.077	0
641	-544833.3185	-1154240.123	0
641	-544817.4435	-1154240.599	0
641	-544791.4878	-1154242.107	0
641	-544752.1177	-1154244.806	0
641	-544749.586	-1154245.043	0
641	-544713.7434	-1154248.398	0
641	-544701.7939	-1154249.331	0
641	-544688.3434	-1154249.668	0
641	-544653.9307	-1154248.934	0
641	-544633.6471	-1154248.951	1
641	-544617.4181	-1154250.362	1
641	-544599.5129	-1154253.836	1
641	-544584.5568	-1154259.014	0
641	-544563.2649	-1154266.007	0
641	-544553.3623	-1154269.254	1
641	-544544.3568	-1154270.94	1
641	-544532.566	-1154272.587	1
641	-544519.433	-1154273.321	0
641	-544507.166	-1154273.857	0
641	-544486.7666	-1154273.699	0
641	-544448.9479	-1154273.956	1
641	-544442.6488	-1154274.304	1
641	-544427.7115	-1154275.127	1
641	-544416.0866	-1154276.338	0
641	-544375.675	-1154280.294	0
641	-544317.9356	-1154288.78	0
641	-544262.1349	-1154298.146	0
641	-544249.3555	-1154300.289	0
641	-544222.2163	-1154304.107	1
641	-544217.2537	-1154304.434	1
641	-544200.3254	-1154305.55	1
641	-544198.1392	-1154305.694	1
641	-544182.3685	-1154305.489	0
641	-544180.3728	-1154305.463	0
641	-544173.3878	-1154305.373	0
641	-544163.4055	-1154305.174	0
641	-544142.4426	-1154304.757	0
641	-544141.3259	-1154304.734	0
641	-544136.4529	-1154304.659	0
641	-544115.7671	-1154304.338	0
641	-544105.2896	-1154304.099	0
641	-544094.4223	-1154304.371	0
641	-544070.3323	-1154305.731	1
641	-544056.7686	-1154307.708	0
641	-544024.8825	-1154312.354	0
641	-543980.4324	-1154319.339	0
641	-543951.0636	-1154323.149	1
641	-543929.1402	-1154324.485	0
641	-543926.2986	-1154324.658	0
641	-543891.7511	-1154325.803	0
641	-543883.2374	-1154325.915	0
641	-543870.3391	-1154326.086	0
641	-543840.8115	-1154327.594	1
641	-543839.3641	-1154327.823	1
641	-543819.2215	-1154331.008	1
641	-543803.664	-1154334.976	1
641	-543785.0108	-1154341.723	1
641	-543780.0358	-1154344.334	0
641	-543760.9601	-1154354.344	0
641	-543753.4687	-1154358.166	0
833	-512500.9875	-1142818.561	0
833	-512472.8511	-1142811.409	0
833	-512461.3927	-1142809.147	0
833	-512454.8046	-1142808.274	0
833	-512448.1187	-1142807.666	1
833	-512446.9465	-1142807.559	1
833	-512440.914	-1142807.877	1
833	-512434.1557	-1142808.631	1
833	-512425.4358	-1142811.131	1
833	-512420.8604	-1142813.711	0
833	-512415.8861	-1142816.424	0
833	-512409.9463	-1142819.664	0
833	-512362.1766	-1142851.731	1
833	-512340.5044	-1142863.36	1
833	-512330.744	-1142867.13	1
833	-512321.8512	-1142870.504	1
833	-512313.2812	-1142873	1
833	-512301.6875	-1142875.25	1
833	-512278.5124	-1142878.997	0
833	-512256.6842	-1142882.092	0
833	-512209.7735	-1142889.951	0
833	-512167.0724	-1142897.292	0
833	-512151.6709	-1142900.508	0
833	-512113.9809	-1142905.98	0
833	-512112.8564	-1142906.143	0
833	-512081.6648	-1142909.833	0
833	-512061.821	-1142911.103	1
833	-512044.6759	-1142910.786	1
833	-512031.3381	-1142908.683	1
833	-512017.765	-1142904.397	1
833	-511985.7768	-1142895.507	0
833	-511963.9687	-1142891.625	1
833	-511956.5667	-1142891.379	1
833	-511948.153	-1142892.411	1
833	-511935.932	-1142895.863	1
833	-511920.8507	-1142902.69	0
833	-511893.5456	-1142918.088	0
833	-511877.906	-1142926.225	0
833	-511866.2406	-1142931.741	0
833	-511854.0937	-1142937.125	1
833	-511844.4096	-1142939.719	1
833	-511835.6385	-1142940.958	1
833	-511829.8046	-1142941.783	1
833	-511810.5958	-1142941.386	1
833	-511789.7229	-1142938.726	0
833	-511767.0982	-1142933.289	0
833	-511700.5052	-1142912.215	0
833	-511634.3356	-1142884.782	0
833	-511624.3051	-1142880.623	1
833	-511604.2998	-1142869.551	0
833	-511571.875	-1142849.625	0
833	-511555.8809	-1142839.151	0
833	-511525.2449	-1142819.981	0
833	-511494.6827	-1142802.003	0
833	-511479.8423	-1142794.104	0
833	-511469.9176	-1142789.779	1
833	-511460.9482	-1142786.684	1
833	-511450.3913	-1142784.858	1
833	-511441.8991	-1142783.838	1
833	-511440.125	-1142783.625	1
833	-511429.4363	-1142783.588	1
833	-511423.9528	-1142784.18	1
833	-511418.9842	-1142784.716	0
833	-511416.9967	-1142784.931	0
833	-511415.4663	-1142785.096	0
833	-511414.0497	-1142785.446	0
833	-511412.109	-1142785.925	0
833	-511396.1781	-1142789.859	0
833	-511385.0051	-1142792.889	0
833	-511379.3534	-1142794.422	0
833	-511350.6961	-1142801.289	1
833	-511328.8708	-1142805.217	1
833	-511277.7968	-1142811.384	0
833	-511271.6562	-1142812.125	0
833	-511247.7466	-1142814.862	1
833	-511229.4903	-1142815.497	1
833	-511224.3309	-1142815.02	1
833	-511217.2263	-1142813.479	1
833	-511209.329	-1142811.766	1
833	-511196.3908	-1142808.353	0
833	-511184.6562	-1142804.875	0
833	-511175.5152	-1142802.082	1
833	-511169.4033	-1142800.574	1
833	-511164.375	-1142800	1
833	-511135.0366	-1142800.613	1
833	-511113.1192	-1142802.358	0
833	-511081.5	-1142804.875	0
833	-511019.8125	-1142809.875	0
833	-510953.5312	-1142814.125	0
833	-510920.8336	-1142817.553	0
1024	-643345.9644	-1135548.013	0
1024	-643369.5951	-1135537.085	0
1024	-643374.1395	-1135534.984	0
1024	-643624.9886	-1135418.981	0
1024	-643634.9862	-1135414.357	0
1024	-643652.2548	-1135406.372	0
1024	-643656.7991	-1135404.27	0
1024	-643669.5234	-1135398.386	0
1024	-643672.25	-1135397.125	0
1024	-643684.0529	-1135391.703	0
1024	-643690.4084	-1135388.784	0
1024	-643726.7251	-1135372.102	0
1024	-643962.875	-1135263.625	0
1024	-644253.125	-1135129.5	0
1024	-644512.2055	-1135010.149	0
1024	-644563.518	-1134987.399	0
1024	-644598.9555	-1134972.524	1
1024	-644623.0802	-1134963.634	1
1024	-644629.06	-1134961.43	1
1024	-644641.1407	-1134957.814	0
1024	-644647.8407	-1134955.808	0
1024	-644659.1225	-1134952.43	0
1024	-644659.3291	-1134952.378	0
1024	-644664.1738	-1134951.16	0
1024	-644677.7392	-1134947.748	0
1024	-644690.435	-1134944.555	0
1024	-644701.0325	-1134942.058	0
1181	-561513.1184	-1129622.93	0
1181	-561510.9361	-1129628.524	0
1181	-561510.3312	-1129630.075	0
1181	-561507.5096	-1129636.853	0
1181	-561504.3087	-1129644.543	0
1181	-561496.5774	-1129661.914	1
1181	-561486.8462	-1129682.908	1
1181	-561479.3055	-1129698.783	1
1181	-561469.3836	-1129718.494	1
1181	-561457.6018	-1129740.243	0
1181	-561452.421	-1129749.379	0
1181	-561442.9253	-1129765.59	0
1181	-561428.6377	-1129789.403	0
1181	-561400.4596	-1129835.043	0
1181	-561375.0595	-1129876.319	0
1181	-561344.1032	-1129926.722	0
1181	-561310.501	-1129982.02	0
1181	-561262.479	-1130060.866	0
1181	-561203.08	-1130157.968	0
1181	-561183.9739	-1130188.996	0
1181	-561153.4705	-1130238.534	0
1181	-561141.9797	-1130257.157	0
1181	-561137.2503	-1130264.822	0
1181	-561116.2306	-1130298.888	0
1181	-561112.3889	-1130305.114	0
1181	-561067.2162	-1130379.16	0
1181	-561012.5796	-1130468.325	0
1181	-560964.9545	-1130545.848	0
1181	-560926.7221	-1130608.29	0
1181	-560909.7423	-1130635.957	0
1181	-560902.9375	-1130647.045	0
1181	-560896.0304	-1130658.428	0
1181	-560895.6764	-1130659.007	0
1181	-560839.5418	-1130750.768	0
1181	-560775.5125	-1130855.014	0
1181	-560718.7593	-1130947.751	0
1181	-560654.5976	-1131052.394	0
1181	-560601.4163	-1131139.839	0
1181	-560577.918	-1131178.202	0
1181	-560574.7855	-1131183.316	0
1181	-560568.5206	-1131193.544	0
1181	-560565.9102	-1131197.806	0
1181	-560550.7699	-1131222.524	0
1181	-560547.0443	-1131228.607	0
1181	-560536.5716	-1131245.216	1
1181	-560529.0526	-1131256.652	1
1181	-560521.6004	-1131267.071	1
1181	-560512.5161	-1131279.407	1
1181	-560501.5359	-1131293.033	1
1181	-560489.8278	-1131306.746	0
1181	-560479.3716	-1131318.421	0
1181	-560468.5766	-1131329.891	0
1181	-560457.26	-1131341.747	0
1181	-560453.2493	-1131345.95	0
1181	-560423.4836	-1131376.774	0
1181	-560388.0114	-1131413.825	0
1181	-560378.3343	-1131423.933	0
1181	-560368.641	-1131434.081	0
1181	-560361.9679	-1131441.067	0
1181	-560311.1678	-1131493.852	0
1181	-560223.7228	-1131585.398	0
1181	-560204.3234	-1131605.657	0
1181	-560197.3907	-1131612.897	0
1181	-560149.1101	-1131663.318	0
1181	-560062.7235	-1131753.065	0
1181	-559982.1422	-1131837.162	0
1181	-559939.0041	-1131881.97	0
1181	-559878.9965	-1131944.518	0
1181	-559863.3332	-1131960.922	0
1181	-559847.9873	-1131976.373	0
1181	-559839.1184	-1131985.06	1
1181	-559830.9481	-1131992.778	1
1181	-559818.2166	-1132003.853	1
1181	-559786.0747	-1132030.666	0
1181	-559751.2706	-1132059.099	0
1181	-559724.0536	-1132081.334	0
1181	-559711.1444	-1132091.944	0
1181	-559677.1719	-1132120.201	0
1181	-559643.1994	-1132148.988	0
1181	-559633.1452	-1132157.984	1
1181	-559629.379	-1132161.739	1
1181	-559624.0296	-1132167.074	1
1181	-559619.7785	-1132171.963	1
1181	-559613.9893	-1132178.621	0
1181	-559605.6626	-1132188.902	0
1266	-546588.4677	-1125445.963	1
1266	-546579.625	-1125459.375	1
1266	-546571.3125	-1125475.875	1
1266	-546565.75	-1125493	1
1266	-546562.5479	-1125510.269	1
1266	-546562.25	-1125511.875	1
1266	-546560.4375	-1125535.125	1
1266	-546560.9375	-1125557.5	1
1266	-546565.1875	-1125608.125	0
1266	-546570.249	-1125663.999	0
1266	-546573.9538	-1125704.896	0
1266	-546574.8125	-1125714.375	0
1266	-546577.1769	-1125751.856	0
1266	-546579.875	-1125794.625	1
1266	-546582.583	-1125810.635	0
1266	-546587	-1125836.75	0
1266	-546597.875	-1125885.875	0
1266	-546599.4692	-1125894.054	0
1266	-546605.0625	-1125922.75	0
1266	-546609.5625	-1125944.125	0
1266	-546613.5625	-1125963.125	0
1266	-546622.0625	-1125997.25	0
1266	-546628.9395	-1126020.806	0
1266	-546634.8338	-1126040.996	0
1266	-546637.9226	-1126052.497	0
1266	-546638.9522	-1126056.33	0
1266	-546642.2985	-1126068.789	0
1266	-546648.0625	-1126090.25	0
1266	-546653.3876	-1126107.93	0
1266	-546656.4594	-1126118.128	0
1266	-546656.6762	-1126118.848	0
1266	-546660.8189	-1126132.603	0
1266	-546661.8793	-1126136.123	0
1266	-546664.9186	-1126144.867	0
1266	-546670.4574	-1126160.801	0
1266	-546677.3526	-1126180.638	0
1266	-546679.9682	-1126187.962	0
1266	-546688.9797	-1126213.194	0
1266	-546693.9861	-1126227.212	0
1266	-546696.4026	-1126233.978	0
1266	-546708.6653	-1126265.154	0
1266	-546718.8359	-1126291.011	0
1266	-546727.9571	-1126315.34	0
1266	-546735.375	-1126335.125	0
1266	-546749.9864	-1126372.176	0
1266	-546759.875	-1126397.25	0
1266	-546761.0761	-1126400.027	0
1266	-546774.3125	-1126430.625	0
1266	-546776.6676	-1126436.826	0
1266	-546791.5685	-1126476.063	0
1266	-546827.8125	-1126571.5	0
1266	-546836.5176	-1126593.678	0
1266	-546860.9806	-1126656.002	0
1266	-546862.441	-1126659.723	0
1266	-546863.1875	-1126661.625	0
1266	-546871.4837	-1126683.012	0
1266	-546880.5187	-1126706.304	0
1266	-546892.0835	-1126736.117	0
1266	-546898.875	-1126753.625	0
1266	-546946.0625	-1126874	0
1266	-546987.9705	-1126979.744	0
1266	-546993.125	-1126992.75	0
1266	-546999.2679	-1127008.619	0
1266	-547000.7133	-1127012.353	0
1266	-547002.1586	-1127016.087	0
1266	-547003.604	-1127019.821	0
1266	-547005.0494	-1127023.555	0
1266	-547007.9402	-1127031.023	0
1266	-547012.999	-1127044.091	0
1266	-547015.625	-1127050.875	0
1266	-547016.6268	-1127053.42	0
1266	-547058.375	-1127159.5	0
1266	-547102.875	-1127272.875	0
1266	-547119.7822	-1127315.095	0
1266	-547157.6875	-1127409.75	0
1266	-547175.6516	-1127454.459	0
1266	-547194	-1127500.125	1
1266	-547208.5625	-1127530	1
1266	-547213.1413	-1127537.326	0
1332	-575957.0135	-1122674.359	0
1332	-575962.6919	-1122678.063	0
1332	-575972.5005	-1122683.918	1
1332	-575980.1734	-1122687.755	1
1332	-575988.5078	-1122690.93	1
1332	-575994.1963	-1122692.517	1
1332	-575999.1413	-1122693.602	1
1332	-576005.5734	-1122694.369	1
1332	-576012.4526	-1122694.899	1
1332	-576020.3901	-1122695.031	1
1332	-576028.5922	-1122694.502	1
1332	-576039.837	-1122693.311	1
1332	-576051.8899	-1122691.418	0
1332	-576061.2683	-1122689.607	0
1332	-576073.9684	-1122686.696	0
1332	-576104.9247	-1122678.627	0
1332	-576148.0519	-1122667.382	0
1332	-576188.4009	-1122656.666	0
1332	-576216.1822	-1122649.39	0
1332	-576246.8739	-1122641.585	0
1332	-576271.8771	-1122635.367	0
1332	-576289.7365	-1122631.134	0
1332	-576305.2146	-1122627.694	0
1332	-576321.0897	-1122624.255	0
1332	-576334.9803	-1122621.741	0
1332	-576349.0033	-1122619.492	0
1332	-576349.2968	-1122619.453	0
1332	-576352.2687	-1122619.053	0
1332	-576468.0808	-1122603.462	0
1332	-576487.5129	-1122600.442	0
1332	-576504.314	-1122597.532	1
1332	-576515.6911	-1122595.415	1
1332	-576528.9807	-1122592.377	1
1332	-576538.7099	-1122589.727	1
1332	-576547.4412	-1122587.081	1
1332	-576566.0943	-1122580.598	0
1332	-576588.0548	-1122572.529	0
1332	-576634.0924	-1122555.198	0
1332	-576646.5977	-1122550.489	0
1332	-576660.0216	-1122545.806	1
1332	-576667.9591	-1122543.424	1
1332	-576672.9862	-1122542.366	1
1332	-576678.5625	-1122541.375	1
1332	-576685.2837	-1122540.876	1
1332	-576692.0306	-1122540.876	1
1332	-576699.7091	-1122541.705	1
1332	-576705.6623	-1122542.895	1
1332	-576711.6155	-1122544.615	1
1332	-576718.0978	-1122547.393	1
1332	-576724.1831	-1122550.833	1
1332	-576729.078	-1122553.743	1
1332	-576735.0311	-1122557.844	1
1332	-576769.1096	-1122584.674	0
1332	-576775.4671	-1122589.679	0
1332	-576777.773	-1122591.444	0
1332	-576784.9165	-1122596.912	0
1332	-576824.603	-1122627.289	0
1332	-576836.9959	-1122636.775	0
1332	-576878.8151	-1122668.288	0
1332	-576884.4491	-1122672.533	0
1332	-576921.7298	-1122701.025	0
1332	-576934.4367	-1122710.736	0
1332	-576953.1805	-1122725.061	0
1332	-576982.1524	-1122747.022	0
1332	-577011.5213	-1122769.511	0
1332	-577025.8088	-1122779.433	0
1332	-577031.2913	-1122783.136	0
1332	-577081.636	-1122817.136	0
1332	-577134.8174	-1122852.987	0
1332	-577141.3282	-1122857.727	0
1332	-577146.9849	-1122861.845	0
1332	-577151.3539	-1122865.026	1
1332	-577173.5789	-1122882.356	1
1332	-577188.2633	-1122894.792	1
1332	-577202.5508	-1122907.756	0
1332	-577224.5849	-1122928.505	0
1332	-577290.9219	-1122990.042	0
1332	-577335.4091	-1123032.211	0
1332	-577378.1021	-1123071.666	0
1332	-577398.5426	-1123090.901	0
1332	-577436.2336	-1123125.932	0
1332	-577443.3221	-1123132.52	0
1332	-577455.493	-1123143.765	1
1332	-577463.6951	-1123150.247	1
1332	-577471.368	-1123156.201	1
1332	-577471.8385	-1123156.514	1
1332	-577477.4729	-1123160.272	1
1332	-577484.3326	-1123164.535	1
1332	-577492.667	-1123168.768	1
1332	-577501.266	-1123172.605	1
1332	-577509.062	-1123175.647	1
1332	-577512.1139	-1123176.838	1
1332	-577543.1178	-1123187.258	0
1332	-577596.5634	-1123205.22	1
1332	-577614.4461	-1123212.245	1
1332	-577623.1068	-1123216.129	1
1332	-577629.1184	-1123219.457	1
1332	-577630.5152	-1123220.23	1
1332	-577637.0447	-1123224.561	1
1332	-577645.7288	-1123231.607	1
1332	-577654.1955	-1123239.015	0
1332	-577654.2826	-1123239.099	0
1727	-558253.5193	-1106377.871	0
1727	-558255.0625	-1106382	0
1727	-558270.25	-1106422	0
1727	-558271.1191	-1106424.558	0
1727	-558281.25	-1106454.375	0
1727	-558291.9976	-1106483.854	0
1727	-558292.1875	-1106484.375	0
1727	-558303.6875	-1106517.125	1
1727	-558309.8125	-1106539.625	1
1727	-558312.4157	-1106551.614	1
1727	-558314.5625	-1106561.5	1
1727	-558319.8125	-1106598.625	0
1727	-558321.8183	-1106612.742	0
1727	-558323.7835	-1106626.574	0
1727	-558324.7661	-1106633.49	0
1727	-558329.2581	-1106665.106	0
1727	-558331.25	-1106679.125	0
1727	-558335.3579	-1106702.528	0
1727	-558337.4375	-1106714.375	0
1727	-558342.7083	-1106739.725	0
1727	-558347.9375	-1106764.875	1
1727	-558351.0105	-1106775.681	0
1727	-558353.1941	-1106783.36	0
1727	-558359.3125	-1106804.875	0
1727	-558368.7455	-1106837.035	0
1727	-558374.125	-1106855.375	0
1727	-558375.9266	-1106859.864	0
1727	-558376.2983	-1106860.79	0
1727	-558377.4134	-1106863.568	0
1727	-558378.1568	-1106865.421	0
1727	-558396.5	-1106911.125	0
1727	-558400.1167	-1106920.049	0
1727	-558423.25	-1106977.125	0
1727	-558432.8654	-1107001.529	0
1732	-854056.3604	-1106292.647	0
1732	-854202.6347	-1106579.658	0
1732	-854291.9582	-1106756.188	0
1732	-854391.0184	-1106953.039	0
1732	-854447.4375	-1107065.5	0
1732	-854448.7009	-1107067.966	0
1732	-854450.9808	-1107072.415	0
1732	-854454.6285	-1107079.535	0
1732	-854472.8133	-1107115.026	0
1732	-854488.0933	-1107145.529	0
1732	-854497.0636	-1107163.436	0
1732	-854522.887	-1107212.754	1
1732	-854531.4026	-1107226.635	1
1732	-854538.127	-1107235.614	1
1732	-854548.83	-1107249.25	1
1732	-854563.7387	-1107264.613	1
1732	-854578.3438	-1107278.371	1
1732	-854589.1875	-1107287.25	1
1732	-854600.9921	-1107295.939	1
1732	-854611.7872	-1107303.136	1
1732	-854622.3705	-1107309.275	1
1732	-854639.5998	-1107317.099	1
1732	-854656.6606	-1107323.668	1
1732	-854666.3973	-1107327.055	1
1732	-854679.309	-1107331.076	1
1732	-854692.2207	-1107334.251	1
1732	-854703.2274	-1107336.58	1
1732	-854714.0224	-1107338.273	1
1732	-854728.8391	-1107339.331	0
1732	-854772.4669	-1107342.156	0
1732	-854787.6825	-1107343.141	0
1732	-854815.8303	-1107344.699	0
1732	-854855.2043	-1107346.74	0
1732	-854891.6111	-1107348.221	0
1732	-854922.9378	-1107349.28	0
1732	-854952.3595	-1107350.55	0
1732	-854980.236	-1107351.405	0
2168	-686491.0071	-1087691.288	0
2168	-686496.791	-1087706.26	0
2168	-686499.683	-1087713.746	0
2168	-686504.1185	-1087725.228	0
2168	-686526.3125	-1087789.375	0
2168	-686582.625	-1087967.875	1
2168	-686587.6875	-1087987.875	1
2168	-686591.4443	-1088006.474	1
2168	-686591.5	-1088006.75	1
2168	-686598.3103	-1088049.343	0
2168	-686604.6603	-1088080.564	0
2168	-686610.4106	-1088102.868	0
2168	-686613.3916	-1088114.431	0
2168	-686613.7168	-1088115.482	0
2470	-695213.3798	-1075900.579	0
2470	-695198	-1075910.125	0
2470	-695164.9375	-1075932	0
2470	-695152.5625	-1075940.875	1
2470	-695141.0625	-1075952.125	1
2470	-695130.625	-1075963.625	1
2470	-695113.6875	-1075986.25	1
2470	-695103.8125	-1075997.625	1
2470	-695093.026	-1076006.678	1
2470	-695090.7281	-1076008.607	1
2470	-695089.8125	-1076009.375	1
2470	-695062.1875	-1076025.375	1
2470	-695049.4938	-1076031.521	1
2470	-695020.125	-1076040.253	1
2470	-695003.0625	-1076044.375	1
2470	-694974.0874	-1076050.042	1
2470	-694928.3086	-1076055.129	0
2470	-694909.7935	-1076057.186	0
2470	-694865.1875	-1076061	0
2470	-694836	-1076064.125	1
2470	-694820.3642	-1076066.711	1
2470	-694799.1975	-1076073.061	0
2470	-694797.0505	-1076073.889	0
2470	-694781.1886	-1076080.004	0
2470	-694764.2724	-1076085.761	0
2470	-694764.1567	-1076085.801	0
2470	-694731.25	-1076097.25	0
2470	-694718.6687	-1076101.027	0
2470	-694706.064	-1076104.811	0
2470	-694701.4396	-1076106.209	0
2470	-694695.6991	-1076107.945	0
2470	-694671.9327	-1076115.13	0
2470	-694642.5638	-1076124.126	0
2470	-694619.2805	-1076129.682	1
2470	-694602.3471	-1076131.27	0
2470	-694585.6837	-1076133.688	0
2470	-694567.6866	-1076135.767	1
2470	-694554.9866	-1076139.207	1
2470	-694546.2546	-1076142.482	1
2470	-694540.1699	-1076144.763	1
2470	-694531.75	-1076149.75	0
2470	-694455.8125	-1076191.5	0
2470	-694380.75	-1076230.125	1
2470	-694364.5	-1076242	1
2470	-694353.75	-1076250.75	1
2470	-694343.875	-1076262.375	1
2470	-694332	-1076278.375	1
2470	-694323.7403	-1076295.311	0
2470	-694311.4375	-1076318.875	0
2470	-694305.7486	-1076329.972	1
2470	-694297.8111	-1076341.349	1
2470	-694296.6513	-1076342.38	0
2470	-694288.286	-1076349.816	0
2470	-694280.5	-1076356.125	0
2470	-694270.25	-1076365.25	0
2470	-694252.3146	-1076379.705	0
2470	-694236.75	-1076392.25	0
2470	-694226.7268	-1076400.471	0
2470	-694215.2609	-1076409.876	0
2470	-694207.0816	-1076415.802	0
2470	-694189.3317	-1076428.662	1
2470	-694175.8379	-1076437.393	1
2470	-694159.6983	-1076445.86	0
2470	-694112.8669	-1076468.349	0
2470	-694079.5	-1076484.125	1
2470	-694067.8774	-1076491.617	1
2470	-694057.3043	-1076501.951	1
2470	-694050.1026	-1076510.331	1
2470	-694041.9585	-1076522.854	1
2470	-694033.7564	-1076538.464	0
2470	-693998.8313	-1076617.575	0
2470	-693947.502	-1076731.081	1
2470	-693938.2416	-1076749.337	1
2470	-693925.5416	-1076771.033	0
2470	-693906.7561	-1076800.931	0
2470	-693874.2123	-1076851.996	0
2470	-693827.6455	-1076922.904	0
2470	-693794.0434	-1076977.144	0
2470	-693779.1636	-1077000.483	0
2470	-693760.4412	-1077036.411	0
2470	-693744.25	-1077066.625	0
2470	-693728.4266	-1077098.588	0
2470	-693691.1203	-1077161.559	0
2470	-693652.2264	-1077222.413	0
2470	-693644.0243	-1077237.23	0
2470	-693638.4681	-1077244.374	1
2470	-693632.9118	-1077249.93	1
2470	-693625.125	-1077256.125	1
2470	-693615.4493	-1077261.572	1
2470	-693591.125	-1077270.25	0
2470	-693546.6575	-1077286.707	1
2470	-693534.222	-1077292.528	1
2470	-693523.6387	-1077298.614	1
2470	-693514.4375	-1077306.125	1
2470	-693506.4407	-1077314.489	1
2470	-693489.2428	-1077337.243	0
2470	-693408.2801	-1077443.87	1
2470	-693400.1916	-1077458.369	1
2470	-693391.0822	-1077479.589	0
2470	-693377.0592	-1077513.456	0
2470	-693366.7405	-1077540.179	0
2470	-693356.4217	-1077570.87	0
2470	-693346.3675	-1077599.71	1
2470	-693344.5651	-1077607.37	1
2470	-693342.1342	-1077617.702	1
2470	-693340.5467	-1077631.725	1
2470	-693340.3744	-1077646.885	0
2470	-693340.2821	-1077655.008	0
2470	-693342.9279	-1077721.154	1
2470	-693342.3987	-1077744.702	1
2470	-693340.0175	-1077782.537	0
2470	-693337.1071	-1077815.875	0
2470	-693332.4589	-1077863.789	0
2470	-693332.0625	-1077867.875	0
2470	-693329.4341	-1077896.308	1
2470	-693324.9362	-1077930.969	0
2470	-693323.6205	-1077939.039	0
2470	-693301.1237	-1078077.019	0
2470	-693291.4699	-1078117.574	0
2476	-665843.2443	-1075668.743	0
2476	-665806.8991	-1075680.692	0
2476	-665794.4637	-1075685.984	1
2476	-665782.0283	-1075691.54	1
2476	-665770.6512	-1075700.007	1
2476	-665759.5386	-1075711.384	0
2476	-665745.6775	-1075726.516	0
2476	-665727.7886	-1075746.045	0
2476	-665710.5906	-1075763.507	0
2476	-665688.101	-1075785.468	1
2476	-665673.2843	-1075795.257	0
2476	-665569.2232	-1075856.638	0
2476	-665548.1361	-1075869.076	0
2476	-665526.9838	-1075881.474	0
2476	-665452.8859	-1075924.903	0
2476	-665441.3743	-1075931.182	0
2476	-665417.9609	-1075943.953	1
2476	-665386.75	-1075957.25	1
2476	-665370.0712	-1075961.416	1
2476	-665354	-1075962.625	0
2476	-665292.1875	-1075968.125	0
2476	-665256.3001	-1075970.941	0
2476	-665236.7408	-1075972.288	1
2476	-665211.85	-1075977.291	1
2476	-665189.8422	-1075984.138	0
2476	-665176.1312	-1075988.403	0
2476	-665160.293	-1075993.509	0
2476	-665102.2352	-1076012.225	0
2476	-665055.481	-1076027.297	0
2476	-665053.6956	-1076027.874	0
2476	-665047.9865	-1076029.72	0
2476	-665046.0835	-1076030.336	0
2476	-665020.2913	-1076038.674	0
2476	-664977.1641	-1076054.814	0
2476	-664931.9208	-1076073.498	0
2476	-664893.4901	-1076089.048	1
2476	-664890.4288	-1076090.613	1
2476	-664882.4151	-1076094.709	1
2476	-664876.0931	-1076098.206	1
2476	-664873.7583	-1076099.707	1
2476	-664868.6848	-1076102.968	1
2476	-664859.9535	-1076111.964	0
2476	-664834.8695	-1076142.389	0
2476	-664790.3679	-1076196.366	0
2476	-664784.6749	-1076203.393	0
2476	-664760.9991	-1076232.614	0
2476	-664743.8012	-1076253.516	1
2476	-664729.3907	-1076266.39	0
2476	-664723.9574	-1076271.244	0
2476	-664707.4706	-1076285.375	0
2476	-664679.5073	-1076309.344	0
2476	-664628.2516	-1076351.193	0
2476	-664608.8634	-1076367.023	0
2476	-664605.8069	-1076369.557	0
2476	-664604.2671	-1076370.833	0
2476	-664598.1081	-1076375.938	0
2476	-664596.5684	-1076377.215	0
2476	-664593.4888	-1076379.768	0
2476	-664588.755	-1076383.692	0
2476	-664578.0455	-1076392.476	0
2476	-664565.2071	-1076403.006	0
2476	-664555.4305	-1076410.626	0
2476	-664529.2237	-1076431.052	0
2476	-664503.2945	-1076450.631	0
2476	-664395.3443	-1076520.482	0
2476	-664393.9634	-1076521.48	0
2639	-797009.661	-1069078.306	0
2639	-797021.8597	-1069080.893	0
2639	-797066.839	-1069089.889	0
2639	-797105.9974	-1069097.033	1
2639	-797135.6308	-1069104.706	1
2639	-797160.4804	-1069113.186	0
2639	-797188.875	-1069122.875	0
2639	-797211.7312	-1069131.926	0
2639	-797230.0162	-1069139.166	0
2639	-797247.387	-1069146.044	0
2639	-797279.2998	-1069158.681	0
2639	-797286.6593	-1069161.711	0
2639	-797301.7894	-1069167.941	0
2639	-797355.7645	-1069188.314	0
2639	-797402.5959	-1069207.364	0
2639	-797463.7148	-1069237.262	0
2639	-797507.9342	-1069261.082	0
2639	-797521.7854	-1069268.544	0
2639	-797540.5	-1069278.625	1
2639	-797556.1959	-1069289.436	1
2639	-797565	-1069295.5	1
2639	-797591.6612	-1069320.441	0
2639	-797603.1505	-1069331.19	1
2639	-797614.5477	-1069343.874	1
2639	-797619.5547	-1069349.446	1
2639	-797639.1339	-1069366.379	1
2639	-797653.537	-1069374.981	1
2639	-797656.1205	-1069376.524	0
2639	-797658.1839	-1069377.756	0
2639	-797666.036	-1069381.338	0
2639	-797668.7739	-1069382.587	0
2639	-797673.2652	-1069384.636	0
2639	-797944.9928	-1069483.59	0
2639	-797983.8866	-1069497.877	0
2639	-798136.3189	-1069552.629	0
2639	-798178.3558	-1069567.728	0
2639	-798329.9623	-1069612.178	1
2639	-798337.8633	-1069613.368	1
2639	-798349.2769	-1069615.088	1
2639	-798365.152	-1069615.617	1
2639	-798379.25	-1069615.625	1
2639	-798400.8022	-1069613.377	0
2639	-798415.7671	-1069611.816	0
2639	-798510.5447	-1069601.931	0
2639	-798565.416	-1069596.208	0
2639	-798576.3902	-1069595.063	1
2639	-798579.3832	-1069594.751	1
2639	-798579.7295	-1069594.715	1
2639	-798585.3997	-1069594.746	1
2639	-798608.8125	-1069594.875	1
2639	-798618.4701	-1069595.644	1
2639	-798629.4691	-1069596.519	1
2639	-798633.9375	-1069596.875	1
2639	-798659.0299	-1069601.996	1
2639	-798661.5	-1069602.5	1
2639	-798685	-1069609.625	1
2639	-798697.0672	-1069614.582	1
2639	-798706.3457	-1069618.393	1
2639	-798717.5625	-1069623	1
2639	-798739.5	-1069633.5	1
2639	-798755.125	-1069642.25	1
2639	-798765.875	-1069651	1
2639	-798800.1279	-1069686.79	0
2639	-798862.25	-1069757.625	0
2639	-798864.738	-1069760.347	0
2833	-586029.2775	-1061837.487	0
2833	-586035.4395	-1061874.617	0
2833	-586044.9375	-1061913	0
2833	-586049.4477	-1061928.055	0
2833	-586059.5167	-1061961.666	0
2833	-586072.1667	-1062005.706	0
2833	-586073.8042	-1062011.407	0
2833	-586082.5355	-1062046.597	0
2833	-586088.1167	-1062066.572	0
2833	-586092.5896	-1062082.58	0
2833	-586102.1847	-1062109.233	0
2833	-586106.8772	-1062122.268	0
2833	-586123.0168	-1062161.691	0
2833	-586126.7089	-1062169.318	0
2833	-586163.2335	-1062244.77	0
2833	-586172.7928	-1062265.745	0
2833	-586178.5922	-1062278.47	0
2833	-586190.4857	-1062304.566	0
2833	-586207.8314	-1062336.889	1
2833	-586209.3439	-1062338.956	1
2833	-586220.3836	-1062354.043	1
2833	-586236.5233	-1062370.183	1
2833	-586264.006	-1062394.037	0
2833	-586278.1785	-1062406.338	0
2833	-586298.9651	-1062420.719	1
2833	-586325.688	-1062442.414	1
2833	-586373.0485	-1062490.833	0
2833	-586388.3944	-1062505.121	0
2833	-586416.7049	-1062530.256	1
2833	-586436.3027	-1062545.32	0
2833	-586452.1415	-1062557.495	0
2833	-586452.1591	-1062557.508	0
2833	-586563.5088	-1062642.069	0
2833	-586578.623	-1062653.547	0
2833	-586578.6302	-1062653.552	0
2833	-586597.2472	-1062666.998	0
2833	-586616.7303	-1062681.069	0
2833	-586638.3748	-1062693.401	0
3045	-749578.6575	-1051251.091	0
3045	-749578.3623	-1051249.131	1
3045	-749578.303	-1051247.15	1
3045	-749578.4804	-1051245.176	1
3045	-749578.8921	-1051243.237	1
3045	-749579.532	-1051241.362	1
3045	-749580.3911	-1051239.576	1
3045	-749581.4571	-1051237.905	1
3045	-749582.7148	-1051236.373	1
3045	-749584.6815	-1051234.567	1
3045	-749585.6712	-1051233.916	1
3045	-749586.9125	-1051233.099	1
3045	-749592.2415	-1051231.757	0
3045	-749597.6192	-1051230.625	0
3045	-749602.8916	-1051229.726	1
3045	-749608.1946	-1051229.03	1
3045	-749635.6621	-1051226.366	0
3045	-749644.9293	-1051225.152	0
3045	-749673.2669	-1051221.437	0
3045	-749699.815	-1051217.957	0
3045	-749704.5994	-1051217.33	0
3045	-749714.4306	-1051216.575	1
3045	-749717.1412	-1051216.367	1
3045	-749729.8199	-1051216.149	1
3045	-749737.0149	-1051216.388	1
3045	-749742.6768	-1051216.575	1
3045	-749754.7698	-1051217.608	1
3045	-749760.7549	-1051218.732	1
3045	-749766.6953	-1051220.073	1
3045	-749772.5832	-1051221.627	1
3045	-749778.4109	-1051223.395	1
3045	-749784.1706	-1051225.372	1
3045	-749789.8547	-1051227.558	1
3045	-749795.4558	-1051229.948	1
3045	-749800.9666	-1051232.539	1
3045	-749801.3905	-1051232.795	0
3045	-749810.2877	-1051238.166	0
3045	-749810.6654	-1051238.407	0
3045	-749819.4664	-1051244.022	0
3045	-749828.4971	-1051250.104	0
3045	-749837.3743	-1051256.408	0
3045	-749846.0925	-1051262.929	0
3045	-749854.6464	-1051269.665	0
3045	-749870.7771	-1051282.969	0
3045	-749876.97	-1051288.35	1
3045	-749879.0337	-1051290.22	1
3045	-749882.4086	-1051293.279	1
3045	-749887.5355	-1051298.532	1
3045	-749892.3316	-1051304.088	1
3045	-749896.7788	-1051309.927	1
3045	-749900.8606	-1051316.027	1
3045	-749904.5617	-1051322.366	1
3045	-749906.6794	-1051326.563	1
3045	-749907.8681	-1051328.919	1
3045	-749910.8029	-1051335.751	1
3045	-749913.3086	-1051342.753	1
3045	-749915.3757	-1051349.896	1
3045	-749916.9962	-1051357.154	1
3045	-749918.2127	-1051364.886	1
3045	-749918.9222	-1051372.681	1
3045	-749918.966	-1051374.593	1
3045	-749919.0401	-1051377.828	1
3045	-749918.6349	-1051385.305	1
3045	-749917.8013	-1051392.472	1
3045	-749917.4433	-1051394.482	1
3045	-749916.536	-1051399.576	1
3045	-749914.8435	-1051406.59	1
3045	-749912.73	-1051413.489	1
3045	-749910.2033	-1051420.247	1
3045	-749907.2726	-1051426.841	1
3045	-749903.9487	-1051433.245	1
3045	-749900.2436	-1051439.437	1
3045	-749895.9169	-1051445.74	1
3045	-749892.484	-1051449.959	1
3045	-749886.3323	-1051457.031	1
3045	-749879.8915	-1051463.841	1
3045	-749873.7138	-1051469.87	1
3045	-749867.3094	-1051475.658	1
3045	-749860.688	-1051481.197	1
3045	-749853.859	-1051486.477	1
3045	-749835.6816	-1051498.666	0
3045	-749815.3172	-1051511.493	0
3045	-749808.3884	-1051515.601	0
3045	-749795.09	-1051523.486	0
3045	-749790.2694	-1051526.174	0
3045	-749774.5512	-1051534.938	1
3045	-749766.9323	-1051539.006	1
3045	-749759.2434	-1051542.218	1
3045	-749758.3072	-1051542.609	1
3045	-749748.2603	-1051546.145	1
3045	-749738.0166	-1051549.062	1
3045	-749727.3723	-1051551.395	1
3045	-749716.6033	-1051553.06	1
3045	-749705.7515	-1051554.051	1
3045	-749705.5438	-1051554.057	1
3045	-749704.8138	-1051554.077	1
3045	-749701.9978	-1051554.158	1
3045	-749694.859	-1051554.363	1
3045	-749688.2186	-1051554.22	1
3045	-749686.5941	-1051554.046	0
3045	-749683.6513	-1051553.73	0
3045	-749670.7031	-1051552.342	0
3045	-749668.9602	-1051552.206	0
3045	-749656.6875	-1051551.25	0
3045	-749638.0612	-1051550.13	0
3045	-749631.0806	-1051549.71	0
3045	-749627.0917	-1051549.47	0
3045	-749615.125	-1051548.75	1
3045	-749592.1875	-1051550.875	1
3045	-749574.9375	-1051554.125	1
3045	-749564.1852	-1051557.791	1
3045	-749544.875	-1051564.375	1
3045	-749509.4066	-1051581.851	0
3045	-749463.4375	-1051604.5	0
3045	-749424.4145	-1051619.096	0
3045	-749414.3125	-1051622.875	0
3045	-749384.625	-1051631.625	1
3045	-749383.5251	-1051632.159	0
3045	-749363.75	-1051641.75	1
3045	-749358.0986	-1051647.401	1
3045	-749353.5	-1051652	1
3045	-749349.125	-1051661.5	1
3045	-749347.75	-1051672.75	1
3045	-749350.75	-1051683.75	1
3045	-749355.8151	-1051690.269	1
3045	-749360.1804	-1051695.887	1
3045	-749367.0596	-1051699.856	1
3045	-749368.8957	-1051700.44	1
3045	-749378.7013	-1051703.56	1
3045	-749392.7242	-1051702.766	1
3045	-749403.3076	-1051700.12	1
3045	-749405.8557	-1051699.173	0
3045	-749418.029	-1051694.647	0
3045	-749465.2202	-1051677.102	1
3045	-749483.875	-1051672.5	1
3045	-749498.8223	-1051669.429	1
3045	-749552.875	-1051666.25	0
3045	-749574.9375	-1051666.75	1
3045	-749591.25	-1051671.375	1
3045	-749596.7327	-1051673.358	1
3045	-749608.875	-1051677.75	1
3045	-749611.6841	-1051678.994	1
3045	-749618.0783	-1051681.826	1
3045	-749620.8187	-1051683.039	1
3045	-749626.375	-1051685.5	1
3045	-749635.2948	-1051690.732	1
3045	-749637.6857	-1051692.134	1
3045	-749647.6875	-1051698	1
3045	-749650.2971	-1051699.828	1
3045	-749652.7485	-1051701.546	1
3045	-749653.3388	-1051701.959	1
3045	-749668.5625	-1051712.625	1
3045	-749688.6875	-1051733	0
3045	-749751.375	-1051797.625	0
3045	-749754.7159	-1051801.182	0
3045	-749774.625	-1051822.375	0
3045	-749810.625	-1051865.5	1
3045	-749824.625	-1051887.75	1
3045	-749837.25	-1051909.75	1
3045	-749838.8629	-1051913.361	1
3045	-749843	-1051922.625	1
3045	-749848.0625	-1051936.125	1
3045	-749851.6875	-1051953.375	1
3045	-749852.3203	-1051958.097	1
3045	-749853.3125	-1051965.5	1
3045	-749854.25	-1051976.75	1
3045	-749854.1825	-1051980.969	1
3045	-749854	-1051992.375	1
3045	-749852.5625	-1052011.625	1
3045	-749849.6832	-1052024.554	1
3045	-749847.2793	-1052035.348	1
3045	-749843.046	-1052046.49	0
3045	-749831.3369	-1052077.309	0
3045	-749819.6277	-1052108.127	0
3045	-749814.2063	-1052122.396	0
3045	-749809.5506	-1052133.14	0
3045	-749803.8875	-1052146.209	0
3045	-749800.745	-1052154.359	0
3045	-749793.5568	-1052173.002	0
3045	-749771.3437	-1052230.611	0
3045	-749763.9354	-1052249.132	1
3045	-749758	-1052271	1
3045	-749753.6875	-1052292.5	1
3045	-749752.3125	-1052310.25	1
3045	-749753.8553	-1052325.52	1
3045	-749759.6318	-1052346.425	1
3045	-749760.3582	-1052347.966	0
3045	-749771.6875	-1052372	0
3045	-749782.1875	-1052395.5	0
3045	-749788.3078	-1052409.876	0
3045	-749805.5263	-1052450.32	0
3045	-749807.625	-1052455.25	1
3045	-749807.8048	-1052455.861	1
3045	-749813.1668	-1052474.069	1
3045	-749813.625	-1052475.625	1
3045	-749816.625	-1052494.5	1
3045	-749818.1875	-1052509.875	1
3045	-749816.5711	-1052526.321	1
3045	-749816.5306	-1052526.552	1
3045	-749813.5454	-1052543.65	1
3045	-749813.0403	-1052545.195	1
3045	-749810.2464	-1052553.741	1
3045	-749808.8692	-1052557.953	1
3045	-749805.598	-1052565.859	1
3045	-749802.2675	-1052573.907	1
3045	-749796.216	-1052584.085	1
3045	-749795.3012	-1052585.181	0
3118	-671290.247	-1047692.38	0
3118	-671268	-1047669.313	1
3118	-671252.125	-1047655.125	1
3118	-671240.8125	-1047644.75	1
3118	-671227.1875	-1047635	1
3118	-671212	-1047625.938	1
3118	-671183.1875	-1047612.688	0
3118	-671128.5	-1047590.375	0
3118	-671098.6557	-1047579.022	0
3118	-671085.125	-1047573.875	0
3334	-663694.8719	-1036230.271	0
3334	-663663.8328	-1036240.63	0
3334	-663640.5296	-1036247.442	0
3334	-663612.2389	-1036255.711	0
3334	-663476.772	-1036293.282	0
3334	-663227.0048	-1036361.28	0
3334	-662952.6314	-1036436.422	0
3334	-662862.2185	-1036460.704	1
3334	-662860.027	-1036461.293	1
3334	-662811.7765	-1036476.963	0
3334	-662806.0699	-1036478.816	0
3334	-662793.1875	-1036483	0
3334	-662783.188	-1036486.054	0
3334	-662781.2752	-1036486.638	0
3334	-662780.5	-1036486.875	0
3334	-662779.3657	-1036487.233	0
3334	-662771.7372	-1036489.643	0
3334	-662770.7837	-1036489.944	0
3334	-662768.8765	-1036490.547	0
3334	-662727.4705	-1036503.626	1
3334	-662693.3392	-1036511.564	1
3334	-662673.2036	-1036515.599	0
3334	-662655.5545	-1036519.136	0
3334	-662649.0625	-1036520.438	1
3334	-662640.7943	-1036521.796	1
3334	-662637.834	-1036522.283	1
3334	-662632.2203	-1036523.205	1
3334	-662625.9631	-1036524.028	1
3334	-662611.4375	-1036525.938	1
3334	-662593.0619	-1036526.91	1
3334	-662571.5	-1036528.063	0
3334	-662553.1494	-1036528.508	0
3334	-662540.1531	-1036528.824	0
3334	-662523.158	-1036529.237	0
3334	-662521.1586	-1036529.285	0
3334	-662499.1346	-1036529.82	0
3334	-662405.4719	-1036532.201	0
3334	-662340.3843	-1036534.053	1
3334	-662262.8612	-1036532.201	0
3334	-662188.5	-1036529.5	0
3334	-662097.4963	-1036526.91	0
3334	-662027.117	-1036524.528	0
3334	-662019.3772	-1036524.11	0
3334	-661997.4091	-1036522.922	0
3334	-661987.9586	-1036522.412	1
3334	-661971.5932	-1036520.043	0
3334	-661967.8502	-1036519.501	0
3334	-661965.6642	-1036519.126	0
3334	-661962.7074	-1036518.619	0
3334	-661958.765	-1036517.942	0
3334	-661932.396	-1036513.416	0
3334	-661887.0945	-1036504.117	0
3334	-661882.1251	-1036503.097	0
3334	-661725.3967	-1036471.265	0
3334	-661711.4685	-1036468.437	0
3334	-661647.4392	-1036453.884	1
3334	-661629.9766	-1036449.387	1
3334	-661629.8873	-1036449.359	1
3334	-661598.7557	-1036439.597	1
3334	-661582.087	-1036433.247	0
3334	-661569.2226	-1036429.033	0
3334	-661498.8992	-1036405.996	0
3334	-661490.0118	-1036403.084	0
3334	-661439.8666	-1036387.043	0
3334	-661396.0534	-1036373.028	0
3348	-616106.6271	-1035624.629	0
3348	-616101.7815	-1035623.42	0
3348	-616074.6463	-1035616.649	0
3348	-616051.3875	-1035610.845	0
3348	-616035.9291	-1035606.987	0
3348	-616014.872	-1035600.536	0
3348	-615931.9375	-1035575.125	0
3348	-615833.5224	-1035542.693	0
3348	-615664.9722	-1035481.814	0
3348	-615656.2512	-1035478.664	0
3348	-615570.3387	-1035444.089	0
3348	-615482.6842	-1035408.814	0
3348	-615441.9383	-1035392.674	0
3348	-615391.6829	-1035371.684	0
3348	-615376.0569	-1035365.158	0
3348	-615349.5119	-1035353.45	0
3348	-615315.4672	-1035338.435	0
3348	-615279.7484	-1035321.766	0
3348	-615263.6088	-1035314.622	1
3348	-615247.4691	-1035309.33	1
3348	-615235.8275	-1035305.626	1
3348	-615224.875	-1035303.25	1
3348	-615204.0667	-1035299.556	1
3348	-615202.4899	-1035299.276	1
3348	-615184.7628	-1035297.953	0
3348	-615171.1878	-1035297.468	0
3348	-615169.9461	-1035297.424	0
3348	-615115.1772	-1035296.895	0
3348	-615111.261	-1035296.904	0
3348	-615083.2937	-1035296.97	0
3348	-615036.3486	-1035297.08	0
3348	-615002.1999	-1035297.159	0
3348	-614937.4646	-1035296.907	0
3348	-614934.4664	-1035296.895	0
3348	-614879.1684	-1035298.218	1
3348	-614866.733	-1035299.276	1
3348	-614855.885	-1035301.128	1
3348	-614844.5079	-1035303.774	1
3348	-614830.625	-1035308.188	0
3348	-614818.6572	-1035312.765	0
3348	-614805.625	-1035317.75	0
3348	-614791.9736	-1035323.998	0
3348	-614769.1015	-1035334.466	0
3348	-614749.2577	-1035342.403	1
3348	-614733.1181	-1035347.695	1
3348	-614718.8306	-1035351.664	1
3348	-614708.7764	-1035353.251	1
3348	-614696.8701	-1035354.31	1
3348	-614686.8159	-1035354.045	1
3348	-614675.625	-1035353.375	1
3348	-614664.3263	-1035352.458	1
3348	-614634.4283	-1035347.695	0
3348	-614573.8386	-1035335.789	0
3348	-614538.649	-1035329.703	0
3348	-614537.7727	-1035329.592	0
3348	-614511.6614	-1035326.264	0
3348	-614500.8135	-1035324.941	1
3348	-614488.378	-1035324.147	1
3348	-614477.7947	-1035324.412	1
3348	-614462.7134	-1035325.999	1
3348	-614447.582	-1035329.025	0
3595	-644116.6927	-1022546.438	0
3595	-644114.2402	-1022544.702	0
3595	-644111.7877	-1022542.967	0
3595	-644109.3351	-1022541.232	0
3595	-644091.4912	-1022528.606	0
3595	-644088.8926	-1022526.778	0
3595	-644070.0599	-1022513.525	1
3595	-644055.2432	-1022501.09	0
3595	-644022.25	-1022471	0
3595	-644002.5003	-1022450.953	0
3725	-712098.0117	-1015296.619	0
3725	-712080.6077	-1015265.93	0
3725	-712042.9045	-1015200.048	0
3725	-711959.1638	-1015055.585	0
3725	-711843.6729	-1014855.56	0
3725	-711780.9787	-1014745.845	0
3725	-711757.5509	-1014705.938	0
3725	-711706.7507	-1014618.228	0
3725	-711656.7444	-1014531.313	0
3725	-711642.8537	-1014505.516	1
3725	-711625.3912	-1014469.797	1
3725	-711609.8392	-1014434.728	0
3725	-711599.7289	-1014409.278	0
3725	-711588.0849	-1014377.325	0
3725	-711572.6067	-1014333.272	0
3725	-711567.5796	-1014315.148	1
3725	-711567.3719	-1014313.434	1
3725	-711566.5213	-1014306.416	1
3725	-711566.1967	-1014286.525	0
3725	-711566.1578	-1014267.79	0
3725	-711566.0958	-1014264.503	0
3725	-711565.7609	-1014246.755	0
3725	-711564.9671	-1014206.671	0
3725	-711563.8115	-1014191.648	0
3725	-711562.694	-1014170.96	0
3725	-711561.7921	-1014139.996	0
3725	-711559.4109	-1014111.818	1
3725	-711557.4265	-1014093.561	1
3725	-711553.4577	-1014070.542	0
3725	-711541.9483	-1014018.155	0
3725	-711535.5983	-1013980.452	1
3725	-711528.4546	-1013916.555	0
3725	-711522.8983	-1013876.47	1
3725	-711521.309	-1013869.477	1
3725	-711512.9764	-1013832.814	1
3725	-711507.4202	-1013816.939	1
3725	-711499.4826	-1013798.286	0
3725	-711483.2107	-1013762.17	0
3725	-711445.9044	-1013670.095	0
3725	-711422.8856	-1013606.595	1
3725	-711400.903	-1013532.653	0
3725	-711387.9605	-1013489.119	0
3725	-711349.4636	-1013364.897	0
3725	-711344.2945	-1013347.894	0
3725	-711334.3823	-1013315.288	1
3725	-711328.4673	-1013289.799	1
3725	-711321.6823	-1013255.756	1
3725	-711318.9446	-1013233.901	1
3725	-711317.3166	-1013207.734	1
3725	-711318.2134	-1013190.695	1
3725	-711320.0948	-1013172.016	1
3725	-711323.7554	-1013156.568	1
3725	-711334.3823	-1013125.581	0
3725	-711352.1875	-1013072.813	1
3725	-711356.6073	-1013052.953	1
3725	-711358.9886	-1013040.253	1
3725	-711361.3699	-1013010.09	0
3725	-711362.5605	-1012921.587	0
3725	-711363.875	-1012775.438	0
3725	-711364.148	-1012681.477	0
3725	-711363.3542	-1012612.818	1
3725	-711361.7667	-1012596.149	1
3725	-711357.798	-1012573.924	0
3725	-711354.6477	-1012557.344	0
3725	-711348.273	-1012530.664	0
3725	-711332.3979	-1012465.577	0
3725	-711319.5656	-1012416.496	0
3725	-711298.6635	-1012332.888	0
3725	-711298.3063	-1012331.581	0
3725	-711296.4082	-1012324.637	0
3725	-711292.8404	-1012313.368	1
3725	-711288.6194	-1012306.19	1
3725	-711285.5522	-1012301.414	1
3725	-711284.2394	-1012299.37	1
3725	-711279.8094	-1012293.25	1
3725	-711272.5294	-1012284.44	0
3725	-711264.2794	-1012275.11	0
3725	-711248.2894	-1012257.46	1
3725	-711239.6594	-1012248.9	1
3725	-711231.7494	-1012241.54	0
3725	-711223.6794	-1012234.58	0
3725	-711171.6094	-1012194.29	1
3725	-711167.6784	-1012191.59	1
3725	-711164.3194	-1012189.933	1
3725	-711159.3994	-1012188.78	1
3725	-711155.5094	-1012188.64	1
3725	-711151.9494	-1012189.36	1
3725	-711148.3194	-1012190.74	1
3725	-711144.6294	-1012192.99	1
3725	-711139.9694	-1012197.32	1
3725	-711129.4794	-1012209.39	1
3725	-711126.9194	-1012211.55	1
3725	-711124.0594	-1012213.45	1
3725	-711121.8494	-1012214.1	1
3725	-711119.5794	-1012214.39	1
3725	-711117.2894	-1012214.38	1
3725	-711114.8794	-1012213.97	1
3725	-711111.2094	-1012212.72	1
3725	-711108.6194	-1012210.94	1
3725	-711107.7829	-1012210.173	0
3725	-711106.5794	-1012209.07	1
3725	-711103.4394	-1012205.43	1
3725	-711101.9294	-1012203.1	1
3725	-711101.3994	-1012200.55	1
3725	-711102.0594	-1012197.52	1
3725	-711103.5994	-1012194.27	1
3725	-711107.9894	-1012187.11	0
3725	-711113.9194	-1012177.44	0
3725	-711124.2294	-1012162.54	0
3725	-711127.8994	-1012156.67	1
3725	-711129.1869	-1012154.282	1
3725	-711133.5194	-1012146.25	1
3725	-711143.2094	-1012123.11	0
3725	-711153.2094	-1012097.99	0
3725	-711166.9694	-1012064.411	0
3725	-711183.1164	-1012028.685	0
3725	-711186.3214	-1012021.926	0
3725	-711192.0384	-1012008.494	0
3725	-711194.3394	-1012002.49	1
3725	-711195.7594	-1011996.65	1
3725	-711196.0194	-1011991.89	1
3725	-711195.4294	-1011988.42	1
3725	-711194.5694	-1011986.04	1
3725	-711193.5794	-1011984.27	1
3725	-711192.1194	-1011981.98	1
3725	-711190.4394	-1011980.16	1
3725	-711188.6194	-1011978.7	1
3725	-711188.2616	-1011978.504	0
3834	-643302.98	-1007620.23	0
3834	-643303.5669	-1007617.288	0
3834	-643305.1093	-1007609.557	1
3834	-643305.2206	-1007607.443	1
3834	-643305.6385	-1007599.503	1
3834	-643305.6402	-1007599.454	1
3834	-643305.783	-1007595.457	1
3834	-643305.9031	-1007592.094	1
3834	-643304.8448	-1007582.834	1
3834	-643302.4635	-1007569.34	0
3834	-643288.744	-1007508.249	0
3834	-643288.4406	-1007506.898	0
3834	-643271.2426	-1007430.963	0
3834	-643242.1384	-1007299.994	0
3834	-643211.9758	-1007171.142	0
3834	-643204.6521	-1007139.727	0
3834	-643201.9216	-1007128.014	0
3834	-643193.455	-1007087.268	0
3834	-643188.6925	-1007064.25	0
3834	-643179.432	-1007021.123	1
3834	-643173.6112	-1006983.287	1
3834	-643173.3307	-1006980.843	1
3834	-643171.7591	-1006967.147	1
3834	-643167.2612	-1006904.176	0
3834	-643163.557	-1006825.33	0
3834	-643159.0625	-1006761.625	0
3834	-643157.8805	-1006743.377	0
3834	-643157.6866	-1006740.383	0
3834	-643154.8257	-1006696.214	0
3834	-643151.1215	-1006624.247	1
3834	-643149.2695	-1006611.282	1
3834	-643146.6236	-1006596.465	1
3834	-643144.5069	-1006588.263	1
3834	-643141.8611	-1006580.061	0
3834	-643126.7798	-1006536.934	0
3834	-643111.1694	-1006490.896	0
3834	-643104.8609	-1006471.771	0
3834	-643097.9695	-1006450.878	0
3834	-643097.0298	-1006448.029	0
3834	-643094.5006	-1006440.361	0
3834	-643091.5902	-1006432.159	0
3834	-643088.6798	-1006422.105	0
3834	-643077.5672	-1006380.036	1
3834	-643075.186	-1006366.013	1
3834	-643073.5985	-1006353.842	1
3834	-643072.011	-1006341.407	1
3834	-643071.2172	-1006328.442	0
3834	-643068.6939	-1006255.265	0
3834	-643068.5905	-1006252.266	0
3834	-643068.5714	-1006251.713	0
3834	-643068.0568	-1006242.281	0
3834	-643066.3679	-1006211.327	1
3834	-643066.125	-1006206.875	1
3834	-643066.728	-1006187.343	1
3834	-643067.2485	-1006170.485	1
3834	-643068.5714	-1006146.673	1
3834	-643070.875	-1006127.813	0
3834	-643072.7674	-1006117.703	0
3834	-643075.3435	-1006103.942	0
3834	-643080.1275	-1006078.386	0
3834	-643082.8875	-1006063.642	0
3834	-643085.7693	-1006048.248	1
3834	-643090.0027	-1006033.696	1
3834	-643094.5006	-1006019.408	1
3834	-643095.6835	-1006016.431	0
3834	-643102.1735	-1006000.093	0
3834	-643108.4794	-1005986.04	0
3834	-643112.1565	-1005978.915	1
3834	-643112.7128	-1005977.837	1
3834	-643115.9727	-1005971.885	1
3834	-643120.1298	-1005965.051	1
3834	-643123.2961	-1005959.846	1
3834	-643129.6462	-1005951.908	1
3834	-643133.9498	-1005948.111	1
3834	-643138.642	-1005943.971	1
3834	-643149.634	-1005935.728	0
3834	-643150.9375	-1005934.75	1
3834	-643151.0739	-1005934.606	1
3834	-643151.1817	-1005934.472	1
3834	-643154.2285	-1005930.694	1
3834	-643156.7357	-1005926.339	1
3834	-643158.5344	-1005921.646	1
3834	-643159.5806	-1005916.731	1
3834	-643160	-1005906.438	0
3834	-643159.015	-1005890.26	0
3834	-643158.7504	-1005881.794	1
3834	-643160.3379	-1005872.533	1
3834	-643161.9254	-1005864.066	1
3834	-643166.1587	-1005850.573	1
3834	-643172.3894	-1005837.012	0
3834	-643179.6525	-1005821.204	0
3834	-643183.3567	-1005809.827	0
3834	-643192.0942	-1005790.039	0
3834	-643192.3525	-1005789.454	0
3834	-643193.8711	-1005786.456	0
3834	-643202.0053	-1005770.402	0
3834	-643212.4609	-1005749.766	0
3834	-643245.0047	-1005690.499	0
3834	-643246.1309	-1005688.564	0
3834	-643258.7039	-1005666.96	0
3834	-643260.2127	-1005664.367	0
3834	-643260.7156	-1005663.503	0
3834	-643263.7902	-1005658.22	1
3834	-643266.4389	-1005654.115	1
3834	-643268.065	-1005651.594	1
3834	-643269.0818	-1005650.018	1
3834	-643278.8714	-1005637.053	1
3834	-643287.3381	-1005626.999	0
3834	-643291.1785	-1005622.747	0
3894	-764676.793	-1004658.696	0
3894	-764667.7341	-1004650.724	1
3894	-764665.4347	-1004649.085	0
3894	-764658.9684	-1004644.474	0
3894	-764652.5205	-1004639.876	0
3894	-764648.4739	-1004636.963	0
3894	-764579.9946	-1004587.658	0
3894	-764579.7599	-1004587.489	1
3894	-764575.2306	-1004583.63	1
3894	-764571.6323	-1004580.032	1
3894	-764569.7273	-1004576.434	1
3894	-764567.8223	-1004572.624	1
3894	-764566.8853	-1004568.564	1
3894	-764566.7953	-1004568.174	1
3894	-764565.6047	-1004562.486	1
3894	-764565.4939	-1004557.595	1
3894	-764566.3406	-1004551.669	1
3894	-764567.4052	-1004548.065	1
3894	-764569.0923	-1004542.355	1
3894	-764569.47	-1004541.435	0
3894	-764569.8467	-1004540.516	0
3894	-764572.4789	-1004534.1	0
3894	-764607.6766	-1004453.045	0
3894	-764609.5207	-1004448.798	0
3894	-764611.0236	-1004444.764	0
3894	-764612.7566	-1004440.113	0
3894	-764621.4375	-1004416.813	1
3894	-764625.2235	-1004404.456	1
3894	-764644.4009	-1004320.311	0
3922	-771867.7747	-1003314.828	0
3922	-771885.3852	-1003295.621	0
3922	-771957.3234	-1003217.162	0
3922	-772031.7499	-1003136.115	0
3922	-772086.7049	-1003076.271	0
3922	-772359.3586	-1002774.249	0
3922	-772424.4206	-1002702.076	0
3922	-772431.9869	-1002693.683	0
3922	-772451	-1002672.065	0
3922	-772518.9027	-1002594.861	0
3922	-772672.4936	-1002420.633	0
3922	-772974.913	-1002076.144	0
3922	-773180.0977	-1001841.988	0
3922	-773290.3455	-1001717.074	0
3922	-773358.0789	-1001639.815	0
3922	-773403.5873	-1001587.957	0
3922	-773455.1327	-1001528.456	0
3922	-773481.591	-1001498.955	0
3922	-773520.6172	-1001457.812	1
3922	-773543.636	-1001435.19	1
3922	-773574.9892	-1001407.012	1
3922	-773604.0427	-1001383.697	0
3922	-773634.3882	-1001359.254	0
3922	-773734.7978	-1001278.292	0
3922	-773799.0917	-1001228.285	0
3922	-773827.6058	-1001206.957	1
3922	-773851.3731	-1001190.976	1
3922	-773872.1168	-1001177.882	1
3922	-773912.995	-1001152.879	0
3922	-774006.2608	-1001098.904	0
3922	-774096.199	-1001047.341	0
3922	-774178.9018	-1001000.082	0
3922	-774256.6895	-1000955.235	0
3922	-774322.7437	-1000915.837	0
3922	-774329.7117	-1000911.124	1
3922	-774337.2553	-1000906.022	1
3922	-774347.574	-1000898.878	1
3922	-774358.7351	-1000890.514	1
3922	-774370.9897	-1000880.225	1
3922	-774382.4991	-1000869.51	1
3922	-774393.6602	-1000858.235	1
3922	-774404.2435	-1000846.064	1
3922	-774418.2665	-1000827.278	1
3922	-774428.5367	-1000810.375	1
3922	-774443.618	-1000782.197	1
3922	-774456.8193	-1000754.201	0
3922	-774489.6556	-1000684.566	0
3922	-774555.1401	-1000543.278	0
3922	-774621.8325	-1000402.083	0
3922	-774634.674	-1000374.897	0
3922	-774650.4733	-1000342.906	0
3922	-774657.6958	-1000328.281	0
3922	-774658.1161	-1000327.43	1
3922	-774662.9598	-1000318.38	1
3922	-774674.0239	-1000297.708	1
3922	-774684.7234	-1000279.721	1
3922	-774685.8858	-1000277.984	1
3922	-774710.5634	-1000241.111	1
3922	-774727.9894	-1000218.11	1
3922	-774736.5594	-1000208.04	1
3922	-774763.5994	-1000178.66	1
3922	-774778.9694	-1000163.05	0
3922	-774876.3094	-1000070.28	0
3922	-774939.1294	-1000011.11	0
3922	-775017.5308	-999936.3194	0
3922	-775089.9494	-999867.2365	0
3922	-775109.7694	-999848.3295	0
3922	-775152.1294	-999807.7095	0
3922	-775200.8494	-999759.2765	1
3922	-775221.0094	-999738.0295	1
3922	-775244.6194	-999709.9495	0
3922	-775261.8044	-999689.6005	0
3922	-775263.6345	-999687.4518	0
3922	-775265.5814	-999685.1659	0
3922	-775267.4734	-999682.9445	0
3922	-775290.5464	-999655.7795	0
3922	-775371.2944	-999558.3465	0
3922	-775545.8324	-999345.0245	0
3922	-775722.1024	-999132.1925	1
3922	-775729.8794	-999123.5335	1
3922	-775749.7454	-999104.1655	0
3922	-775785.3894	-999072.0295	0
3922	-775791.5694	-999066.6895	0
3922	-775822.5894	-999039.2395	0
3922	-775840.9143	-999024.2121	0
4195	-736652.2514	-982268.0334	0
4195	-736652.415	-982267.8171	0
4195	-736666.7026	-982246.3859	0
4195	-736678.6089	-982228.9233	1
4195	-736684.2385	-982219.6344	1
4195	-736686.5464	-982215.8264	1
4195	-736694.4839	-982200.7451	1
4195	-736708.3745	-982172.1701	0
4195	-736755.6028	-982068.1886	0
4195	-736788.9403	-981988.0197	0
4195	-736827.4373	-981895.1508	0
4195	-736871.4905	-981791.9631	0
4195	-736926.2593	-981664.5659	1
4195	-736934.75	-981640.9375	1
4195	-736938.6557	-981624.9285	1
4195	-736940.3156	-981618.125	1
4195	-736941.3333	-981612.2204	1
4195	-736941.3406	-981612.1783	1
4195	-736946.1031	-981586.7783	1
4195	-736952.85	-981552.2501	1
4195	-736959.5969	-981527.6438	1
4195	-736965.6445	-981507.3127	0
4195	-737006.8251	-981387.9435	1
4195	-737013.9689	-981361.3528	1
4195	-737023.8908	-981320.8715	0
4195	-737023.9658	-981320.5803	0
4203	-768683.5031	-981082.472	0
4203	-768654.5882	-981084.7298	0
4203	-768647.6087	-981085.2748	0
4203	-768591.7229	-981089.6387	0
4203	-768458.3726	-981101.2804	0
4203	-768428.3659	-981103.7572	0
4203	-768343.6453	-981110.7501	0
4203	-768341.375	-981110.9375	0
4203	-768289.3044	-981115.9693	1
4203	-768252.9744	-981121.0388	0
4203	-768096.1573	-981147.0534	0
4203	-768072.5734	-981150.2108	0
4260	-695208.4526	-971710.6779	0
4260	-695200.2093	-971705.0672	0
4260	-695199.385	-971704.5061	0
4260	-695196.9121	-971702.8229	0
4260	-695195.8801	-971702.1205	0
4260	-695185.7875	-971694.3922	0
4260	-695182.6207	-971691.9672	0
4260	-695180.2456	-971690.1486	0
4260	-695175.5625	-971686.5625	1
4260	-695174.8007	-971685.7947	1
4260	-695159.1691	-971670.0398	0
4260	-695146.0811	-971655.2522	1
4260	-695137.2055	-971646.0391	1
4260	-695128.742	-971639.9433	1
4260	-695119.1508	-971635.9746	1
4260	-695098.9375	-971629.5625	1
4260	-695097.9771	-971629.4241	1
4260	-695083.7627	-971627.3756	1
4260	-695070.5625	-971626.25	1
4260	-695031.8381	-971628.3678	1
4260	-695000.0881	-971632.0058	0
4260	-694980.9057	-971633.6595	1
4260	-694966.3536	-971632.0058	1
4260	-694955.9433	-971628.7243	1
4260	-694936.9187	-971619.7688	1
4260	-694919.9297	-971608.5477	1
4260	-694900.8691	-971593.6412	1
4260	-694881.356	-971575.1203	1
4260	-694861.843	-971553.6229	1
4260	-694844.0625	-971531	1
4260	-694816.8125	-971500.25	1
4260	-694800.9887	-971486.4847	1
4260	-694783.75	-971474.25	1
4260	-694752.625	-971457.3125	0
4260	-694727.5667	-971443.8205	1
4260	-694715.159	-971437.8648	1
4260	-694707.1275	-971434.9464	1
4260	-694694.4937	-971431.9143	1
4260	-694671.0119	-971427.2841	0
4260	-694649.9003	-971423.527	0
4260	-694644.815	-971422.1661	1
4260	-694640.5076	-971421.0134	1
4260	-694632.3328	-971417.1211	0
4260	-694609.841	-971405.3719	1
4260	-694592.4914	-971390.2994	1
4260	-694590.4461	-971388.5225	1
4260	-694590.254	-971388.3074	1
4260	-694582.3653	-971379.4738	1
4260	-694576.3487	-971371.5958	1
4260	-694569.9408	-971362.0641	1
4260	-694565.4375	-971354.4375	1
4260	-694564.6472	-971352.7448	1
4260	-694558.9095	-971340.4556	1
4260	-694549.2819	-971311.6165	0
4260	-694542.7742	-971292.1231	0
4260	-694536.4167	-971267.4899	0
4260	-694532.7396	-971250.9328	0
4260	-694528.9375	-971233.8125	0
4260	-694514.531	-971171.6748	1
4260	-694507.3364	-971148.3591	1
4260	-694497.2786	-971124.1933	1
4260	-694492.75	-971113.3125	1
4260	-694487.8687	-971104.3145	1
4260	-694483.3768	-971097.7494	1
4260	-694477.55	-971089.2333	1
4260	-694470.0093	-971079.3114	1
4260	-694462.8755	-971070.9686	1
4260	-694456.1187	-971065.0238	1
4260	-694448.578	-971059.4676	1
4260	-694440.2907	-971054.1837	1
4260	-694438.325	-971052.9303	1
4260	-694411.4375	-971038.25	0
4260	-694391.7204	-971028.5079	0
4260	-694386.075	-971025.7185	1
4260	-694373.9868	-971022.2109	1
4260	-694357.9278	-971021.2203	1
4260	-694356.8883	-971021.1562	1
4260	-694343.9503	-971021.6591	1
4260	-694341.9533	-971021.7367	1
4260	-694340.2394	-971021.8033	1
4260	-694327.2675	-971024.6159	1
4260	-694321.2228	-971025.9265	1
4260	-694311.6559	-971029.305	0
4260	-694291.6875	-971035.875	1
4260	-694280.5	-971038.375	1
4260	-694270.7777	-971037.6394	1
4260	-694260.062	-971033.2738	1
4260	-694246.8723	-971024.6851	1
4260	-694246.8289	-971024.6469	1
4260	-694242.2026	-971020.5737	1
4260	-694239.0276	-971015.8112	1
4260	-694237.837	-971010.6518	1
4260	-694237.4401	-971003.5081	1
4260	-694238.7707	-970996.3109	1
4260	-694242.6981	-970977.4102	0
4260	-694243.7901	-970972.1549	1
4260	-694248.7599	-970955.2528	1
4260	-694255.2995	-970938.8173	1
4260	-694256.2575	-970936.7337	1
4260	-694266.25	-970915	1
4260	-694282.6839	-970888.4141	0
4260	-694297.625	-970867.5625	0
4260	-694316.8661	-970840.2653	0
4260	-694327.134	-970827.2952	1
4260	-694343.8732	-970808.2887	1
4260	-694363.2497	-970790.3858	1
4260	-694380.4401	-970778.7015	1
4260	-694399.9375	-970767.75	0
4260	-694442.9375	-970744.5	1
4260	-694452.3595	-970740.3988	1
4260	-694486.875	-970725.375	1
4260	-694506.5101	-970714.7814	1
4260	-694536.6875	-970698.5	1
4260	-694556.0625	-970685.1875	1
4260	-694569.5083	-970675.9161	1
4260	-694579.4392	-970667.6459	1
4260	-694580.0537	-970667.0165	1
4260	-694613.1594	-970633.1131	1
4260	-694628.4801	-970614.7706	1
4260	-694632.8756	-970608.5039	1
4260	-694659.9759	-970569.8669	1
4260	-694674.3125	-970544	1
4260	-694697.625	-970494.4375	1
4260	-694716.0723	-970449.0726	1
4260	-694725.8125	-970411	1
4260	-694733.3125	-970365.8125	1
4260	-694737.9375	-970325	1
4260	-694739.7526	-970285.7582	1
4260	-694737.4375	-970247.7243	1
4260	-694728.177	-970180.9169	1
4260	-694721.0969	-970144.6997	1
4260	-694716.2707	-970127.6694	1
4260	-694708.664	-970102.5339	1
4260	-694703.703	-970089.3047	1
4260	-694702.8819	-970087.4126	1
4260	-694696.0962	-970071.776	1
4260	-694692.3425	-970063.6681	0